  2.000000000000000E-003  2.000000000000000E-003 -0.246843489515131     
  2.000000000000000E-003  0.302332916666667      -0.239900384924743     
  2.000000000000000E-003  0.602665833333333      -0.229189670053444     
  2.000000000000000E-003  0.902998750000000      -0.223193597894439     
  2.000000000000000E-003   1.20333166666667      -0.217533207253049     
  2.000000000000000E-003   1.50366458333333      -0.211462430125203     
  2.000000000000000E-003   1.80399750000000      -0.204944010491389     
  2.000000000000000E-003   2.10433041666667      -0.198383804099632     
  2.000000000000000E-003   2.40466333333333      -0.191803667437980     
  2.000000000000000E-003   2.70499625000000      -0.185373655540056     
  2.000000000000000E-003   3.00532916666667      -0.179820291616029     
  2.000000000000000E-003   3.30566208333333      -0.176306666411843     
  2.000000000000000E-003   3.60599500000000      -0.172972426829921     
  2.000000000000000E-003   3.90632791666667      -0.166414113545174     
  2.000000000000000E-003   4.20666083333333      -0.159294604793697     
  2.000000000000000E-003   4.50699375000000      -0.150668690953648     
  2.000000000000000E-003   4.80732666666667      -0.142822323288812     
  2.000000000000000E-003   5.10765958333333      -0.136667209444818     
  2.000000000000000E-003   5.40799250000000      -0.131996752577251     
  2.000000000000000E-003   5.70832541666667      -0.128915122944635     
  2.000000000000000E-003   6.00865833333333      -0.126817587416424     
  2.000000000000000E-003   6.30899125000000      -0.124973774749822     
  2.000000000000000E-003   6.60932416666667      -0.122867986602248     
  2.000000000000000E-003   6.90965708333333      -0.120261636330866     
  2.000000000000000E-003   7.20999000000000      -0.116850688011698     
  0.302332916666667       2.000000000000000E-003 -0.268726468750248     
  0.302332916666667       0.302332916666667      -0.258967016132970     
  0.302332916666667       0.602665833333333      -0.248923147914973     
  0.302332916666667       0.902998750000000      -0.242080765846742     
  0.302332916666667        1.20333166666667      -0.234834637952430     
  0.302332916666667        1.50366458333333      -0.227088071734329     
  0.302332916666667        1.80399750000000      -0.219113279887501     
  0.302332916666667        2.10433041666667      -0.211199525733505     
  0.302332916666667        2.40466333333333      -0.203243202346132     
  0.302332916666667        2.70499625000000      -0.195170417686153     
  0.302332916666667        3.00532916666667      -0.187427674720261     
  0.302332916666667        3.30566208333333      -0.181339049365595     
  0.302332916666667        3.60599500000000      -0.176923619587463     
  0.302332916666667        3.90632791666667      -0.170869039902333     
  0.302332916666667        4.20666083333333      -0.163222794799564     
  0.302332916666667        4.50699375000000      -0.154687441622812     
  0.302332916666667        4.80732666666667      -0.146864261242875     
  0.302332916666667        5.10765958333333      -0.140501325851517     
  0.302332916666667        5.40799250000000      -0.135490903923260     
  0.302332916666667        5.70832541666667      -0.131870557827328     
  0.302332916666667        6.00865833333333      -0.129152418592969     
  0.302332916666667        6.30899125000000      -0.126683105474416     
  0.302332916666667        6.60932416666667      -0.123762698645049     
  0.302332916666667        6.90965708333333      -0.120693848754317     
  0.302332916666667        7.20999000000000      -0.117917559167524     
  0.602665833333333       2.000000000000000E-003 -0.290350399176475     
  0.602665833333333       0.302332916666667      -0.285172395276543     
  0.602665833333333       0.602665833333333      -0.275423372167444     
  0.602665833333333       0.902998750000000      -0.264969588323109     
  0.602665833333333        1.20333166666667      -0.254719566389526     
  0.602665833333333        1.50366458333333      -0.244765480943463     
  0.602665833333333        1.80399750000000      -0.235022084665639     
  0.602665833333333        2.10433041666667      -0.225468174457407     
  0.602665833333333        2.40466333333333      -0.216049411703876     
  0.602665833333333        2.70499625000000      -0.206621713093730     
  0.602665833333333        3.00532916666667      -0.197274565895271     
  0.602665833333333        3.30566208333333      -0.188778011423034     
  0.602665833333333        3.60599500000000      -0.181590884755704     
  0.602665833333333        3.90632791666667      -0.174527953074485     
  0.602665833333333        4.20666083333333      -0.166631214241803     
  0.602665833333333        4.50699375000000      -0.158390000654538     
  0.602665833333333        4.80732666666667      -0.150843777838950     
  0.602665833333333        5.10765958333333      -0.144381935984577     
  0.602665833333333        5.40799250000000      -0.139045745117848     
  0.602665833333333        5.70832541666667      -0.134882105553605     
  0.602665833333333        6.00865833333333      -0.131513164804671     
  0.602665833333333        6.30899125000000      -0.128406660297949     
  0.602665833333333        6.60932416666667      -0.125064028912735     
  0.602665833333333        6.90965708333333      -0.121690286122839     
  0.602665833333333        7.20999000000000      -0.118060509100665     
  0.902998750000000       2.000000000000000E-003 -0.314950398705002     
  0.902998750000000       0.302332916666667      -0.310822333493788     
  0.902998750000000       0.602665833333333      -0.301035717801776     
  0.902998750000000       0.902998750000000      -0.288812522888136     
  0.902998750000000        1.20333166666667      -0.276097215244432     
  0.902998750000000        1.50366458333333      -0.263865831033334     
  0.902998750000000        1.80399750000000      -0.252030934841072     
  0.902998750000000        2.10433041666667      -0.240631479978608     
  0.902998750000000        2.40466333333333      -0.229606943601870     
  0.902998750000000        2.70499625000000      -0.218786225466401     
  0.902998750000000        3.00532916666667      -0.208129559763172     
  0.902998750000000        3.30566208333333      -0.197892049140884     
  0.902998750000000        3.60599500000000      -0.188423997153209     
  0.902998750000000        3.90632791666667      -0.179523518629071     
  0.902998750000000        4.20666083333333      -0.170854718786964     
  0.902998750000000        4.50699375000000      -0.162588314771203     
  0.902998750000000        4.80732666666667      -0.155031273551487     
  0.902998750000000        5.10765958333333      -0.148352183637330     
  0.902998750000000        5.40799250000000      -0.142637385396623     
  0.902998750000000        5.70832541666667      -0.137864001198873     
  0.902998750000000        6.00865833333333      -0.133789786757837     
  0.902998750000000        6.30899125000000      -0.130020248380989     
  0.902998750000000        6.60932416666667      -0.126359215754785     
  0.902998750000000        6.90965708333333      -0.122590668908385     
  0.902998750000000        7.20999000000000      -0.118529095118269     
   1.20333166666667       2.000000000000000E-003 -0.342368636601894     
   1.20333166666667       0.302332916666667      -0.338735832101433     
   1.20333166666667       0.602665833333333      -0.328652120268221     
   1.20333166666667       0.902998750000000      -0.314824161538713     
   1.20333166666667        1.20333166666667      -0.299644424222089     
   1.20333166666667        1.50366458333333      -0.284512253627686     
   1.20333166666667        1.80399750000000      -0.269889059989384     
   1.20333166666667        2.10433041666667      -0.256197780627998     
   1.20333166666667        2.40466333333333      -0.243260188765785     
   1.20333166666667        2.70499625000000      -0.230762679875811     
   1.20333166666667        3.00532916666667      -0.218592365816477     
   1.20333166666667        3.30566208333333      -0.206864095970698     
   1.20333166666667        3.60599500000000      -0.195758579417841     
   1.20333166666667        3.90632791666667      -0.185429829907179     
   1.20333166666667        4.20666083333333      -0.175934735614078     
   1.20333166666667        4.50699375000000      -0.167263088769956     
   1.20333166666667        4.80732666666667      -0.159404537258375     
   1.20333166666667        5.10765958333333      -0.152376463506610     
   1.20333166666667        5.40799250000000      -0.146177880266944     
   1.20333166666667        5.70832541666667      -0.140760331445299     
   1.20333166666667        6.00865833333333      -0.135974270731021     
   1.20333166666667        6.30899125000000      -0.131535072159076     
   1.20333166666667        6.60932416666667      -0.127321095292177     
   1.20333166666667        6.90965708333333      -0.123189688595580     
   1.20333166666667        7.20999000000000      -0.119095172510272     
   1.50366458333333       2.000000000000000E-003 -0.382796395597051     
   1.50366458333333       0.302332916666667      -0.380206702628750     
   1.50366458333333       0.602665833333333      -0.367397903144594     
   1.50366458333333       0.902998750000000      -0.349271697296335     
   1.50366458333333        1.20333166666667      -0.328909842257634     
   1.50366458333333        1.50366458333333      -0.308409846249051     
   1.50366458333333        1.80399750000000      -0.289219469270081     
   1.50366458333333        2.10433041666667      -0.272040977125136     
   1.50366458333333        2.40466333333333      -0.256537314310598     
   1.50366458333333        2.70499625000000      -0.242083550647467     
   1.50366458333333        3.00532916666667      -0.228277466705652     
   1.50366458333333        3.30566208333333      -0.215083763417994     
   1.50366458333333        3.60599500000000      -0.202703469182394     
   1.50366458333333        3.90632791666667      -0.191359863091921     
   1.50366458333333        4.20666083333333      -0.181147390589754     
   1.50366458333333        4.50699375000000      -0.172001188824465     
   1.50366458333333        4.80732666666667      -0.163774492268308     
   1.50366458333333        5.10765958333333      -0.156332724717931     
   1.50366458333333        5.40799250000000      -0.149594340091134     
   1.50366458333333        5.70832541666667      -0.143510651665554     
   1.50366458333333        6.00865833333333      -0.138000892281306     
   1.50366458333333        6.30899125000000      -0.132933813218593     
   1.50366458333333        6.60932416666667      -0.128207197482011     
   1.50366458333333        6.90965708333333      -0.123741200353095     
   1.50366458333333        7.20999000000000      -0.120462926858291     
   1.80399750000000       2.000000000000000E-003 -0.455362304984918     
   1.80399750000000       0.302332916666667      -0.449217467983255     
   1.80399750000000       0.602665833333333      -0.428927493028661     
   1.80399750000000       0.902998750000000      -0.400522286237827     
   1.80399750000000        1.20333166666667      -0.368824013243195     
   1.80399750000000        1.50366458333333      -0.338106060247128     
   1.80399750000000        1.80399750000000      -0.311121011557451     
   1.80399750000000        2.10433041666667      -0.288434525175780     
   1.80399750000000        2.40466333333333      -0.269253344519637     
   1.80399750000000        2.70499625000000      -0.252383257948128     
   1.80399750000000        3.00532916666667      -0.236908317759296     
   1.80399750000000        3.30566208333333      -0.222447896963832     
   1.80399750000000        3.60599500000000      -0.209047504541619     
   1.80399750000000        3.90632791666667      -0.196896703977111     
   1.80399750000000        4.20666083333333      -0.186082708876518     
   1.80399750000000        4.50699375000000      -0.176497225058402     
   1.80399750000000        4.80732666666667      -0.167899011002418     
   1.80399750000000        5.10765958333333      -0.160045836002734     
   1.80399750000000        5.40799250000000      -0.152792259973447     
   1.80399750000000        5.70832541666667      -0.146097524051866     
   1.80399750000000        6.00865833333333      -0.139960655315513     
   1.80399750000000        6.30899125000000      -0.134349540591605     
   1.80399750000000        6.60932416666667      -0.129187058915757     
   1.80399750000000        6.90965708333333      -0.124463821402586     
   1.80399750000000        7.20999000000000      -0.120735565764079     
   2.10433041666667       2.000000000000000E-003 -0.576208716904251     
   2.10433041666667       0.302332916666667      -0.562380537170335     
   2.10433041666667       0.602665833333333      -0.525213156902934     
   2.10433041666667       0.902998750000000      -0.475159824143915     
   2.10433041666667        1.20333166666667      -0.422921538755114     
   2.10433041666667        1.50366458333333      -0.375718192974981     
   2.10433041666667        1.80399750000000      -0.336671146936313     
   2.10433041666667        2.10433041666667      -0.305805265073680     
   2.10433041666667        2.40466333333333      -0.281456227709771     
   2.10433041666667        2.70499625000000      -0.261508761350110     
   2.10433041666667        3.00532916666667      -0.244239213462551     
   2.10433041666667        3.30566208333333      -0.228673076095960     
   2.10433041666667        3.60599500000000      -0.214501180035225     
   2.10433041666667        3.90632791666667      -0.201751766368041     
   2.10433041666667        4.20666083333333      -0.190459908046553     
   2.10433041666667        4.50699375000000      -0.180490707995942     
   2.10433041666667        4.80732666666667      -0.171553561260220     
   2.10433041666667        5.10765958333333      -0.163337916436639     
   2.10433041666667        5.40799250000000      -0.155650324202563     
   2.10433041666667        5.70832541666667      -0.148456262320506     
   2.10433041666667        6.00865833333333      -0.141818257086949     
   2.10433041666667        6.30899125000000      -0.135795487014581     
   2.10433041666667        6.60932416666667      -0.130378662031028     
   2.10433041666667        6.90965708333333      -0.125513845887446     
   2.10433041666667        7.20999000000000      -0.121131553539174     
   2.40466333333333       2.000000000000000E-003 -0.764830421467574     
   2.40466333333333       0.302332916666667      -0.737606577757596     
   2.40466333333333       0.602665833333333      -0.667029399938932     
   2.40466333333333       0.902998750000000      -0.578846296923301     
   2.40466333333333        1.20333166666667      -0.493810735974362     
   2.40466333333333        1.50366458333333      -0.422084583083066     
   2.40466333333333        1.80399750000000      -0.366096351803457     
   2.40466333333333        2.10433041666667      -0.324221636918957     
   2.40466333333333        2.40466333333333      -0.293175549729052     
   2.40466333333333        2.70499625000000      -0.269456566250383     
   2.40466333333333        3.00532916666667      -0.250217688368056     
   2.40466333333333        3.30566208333333      -0.233649798463863     
   2.40466333333333        3.60599500000000      -0.218906944228150     
   2.40466333333333        3.90632791666667      -0.205740663200051     
   2.40466333333333        4.20666083333333      -0.194089461988603     
   2.40466333333333        4.50699375000000      -0.183803100973248     
   2.40466333333333        4.80732666666667      -0.174579268513185     
   2.40466333333333        5.10765958333333      -0.166073967688996     
   2.40466333333333        5.40799250000000      -0.158059698455572     
   2.40466333333333        5.70832541666667      -0.150499202065459     
   2.40466333333333        6.00865833333333      -0.143496065367001     
   2.40466333333333        6.30899125000000      -0.137180587108168     
   2.40466333333333        6.60932416666667      -0.131615849452269     
   2.40466333333333        6.90965708333333      -0.126750841482982     
   2.40466333333333        7.20999000000000      -0.122377242619450     
   2.70499625000000       2.000000000000000E-003  -1.03283143914021     
   2.70499625000000       0.302332916666667      -0.987302403233066     
   2.70499625000000       0.602665833333333      -0.867881443729599     
   2.70499625000000       0.902998750000000      -0.716882158539326     
   2.70499625000000        1.20333166666667      -0.580389181785858     
   2.70499625000000        1.50366458333333      -0.474996956661836     
   2.70499625000000        1.80399750000000      -0.397752223673595     
   2.70499625000000        2.10433041666667      -0.342807974256151     
   2.70499625000000        2.40466333333333      -0.304086420748823     
   2.70499625000000        2.70499625000000      -0.276189859612729     
   2.70499625000000        3.00532916666667      -0.254898991602779     
   2.70499625000000        3.30566208333333      -0.237412987895850     
   2.70499625000000        3.60599500000000      -0.222240131353356     
   2.70499625000000        3.90632791666667      -0.208791294400765     
   2.70499625000000        4.20666083333333      -0.196882087459286     
   2.70499625000000        4.50699375000000      -0.186349582542570     
   2.70499625000000        4.80732666666667      -0.176900959739784     
   2.70499625000000        5.10765958333333      -0.168183909335500     
   2.70499625000000        5.40799250000000      -0.159949094662372     
   2.70499625000000        5.70832541666667      -0.152147212270778     
   2.70499625000000        6.00865833333333      -0.144897826927031     
   2.70499625000000        6.30899125000000      -0.138380467350905     
   2.70499625000000        6.60932416666667      -0.132782587438038     
   2.70499625000000        6.90965708333333      -0.128168902309875     
   2.70499625000000        7.20999000000000      -0.124113822228048     
   3.00532916666667       2.000000000000000E-003  -1.33366591061862     
   3.00532916666667       0.302332916666667       -1.27039901778804     
   3.00532916666667       0.602665833333333       -1.09693578548147     
   3.00532916666667       0.902998750000000      -0.875342114342542     
   3.00532916666667        1.20333166666667      -0.673206983728734     
   3.00532916666667        1.50366458333333      -0.527456510370004     
   3.00532916666667        1.80399750000000      -0.427498074770545     
   3.00532916666667        2.10433041666667      -0.359464709960797     
   3.00532916666667        2.40466333333333      -0.313323427413337     
   3.00532916666667        2.70499625000000      -0.281483073502352     
   3.00532916666667        3.00532916666667      -0.258313919291955     
   3.00532916666667        3.30566208333333      -0.240040309830511     
   3.00532916666667        3.60599500000000      -0.224544714029858     
   3.00532916666667        3.90632791666667      -0.210910006287756     
   3.00532916666667        4.20666083333333      -0.198828651598872     
   3.00532916666667        4.50699375000000      -0.188122367320182     
   3.00532916666667        4.80732666666667      -0.178514057773898     
   3.00532916666667        5.10765958333333      -0.169656888386435     
   3.00532916666667        5.40799250000000      -0.161288756142314     
   3.00532916666667        5.70832541666667      -0.153340869802848     
   3.00532916666667        6.00865833333333      -0.145917531152929     
   3.00532916666667        6.30899125000000      -0.139214957771814     
   3.00532916666667        6.60932416666667      -0.133617662173680     
   3.00532916666667        6.90965708333333      -0.129398615383526     
   3.00532916666667        7.20999000000000      -0.125907881703528     
   3.30566208333333       2.000000000000000E-003  -1.56485912706143     
   3.30566208333333       0.302332916666667       -1.49479552995456     
   3.30566208333333       0.602665833333333       -1.28717128534889     
   3.30566208333333       0.902998750000000       -1.00590387082203     
   3.30566208333333        1.20333166666667      -0.749990768347601     
   3.30566208333333        1.50366458333333      -0.567627546192752     
   3.30566208333333        1.80399750000000      -0.449271809306985     
   3.30566208333333        2.10433041666667      -0.371263784777825     
   3.30566208333333        2.40466333333333      -0.319640246626885     
   3.30566208333333        2.70499625000000      -0.284933137337935     
   3.30566208333333        3.00532916666667      -0.260416027213754     
   3.30566208333333        3.30566208333333      -0.241589092168241     
   3.30566208333333        3.60599500000000      -0.225881571686777     
   3.30566208333333        3.90632791666667      -0.212142252838606     
   3.30566208333333        4.20666083333333      -0.199965704517207     
   3.30566208333333        4.50699375000000      -0.189156818729441     
   3.30566208333333        4.80732666666667      -0.179453445154579     
   3.30566208333333        5.10765958333333      -0.170518033878220     
   3.30566208333333        5.40799250000000      -0.162081058639809     
   3.30566208333333        5.70832541666667      -0.154052701197661     
   3.30566208333333        6.00865833333333      -0.146494452732445     
   3.30566208333333        6.30899125000000      -0.139590431485906     
   3.30566208333333        6.60932416666667      -0.133834238782006     
   3.30566208333333        6.90965708333333      -0.129880845953369     
   3.30566208333333        7.20999000000000      -0.126864722265185     
   3.60599500000000       2.000000000000000E-003  -1.74652559720864     
   3.60599500000000       0.302332916666667       -1.58162942730945     
   3.60599500000000       0.602665833333333       -1.36099369590799     
   3.60599500000000       0.902998750000000       -1.05703568119146     
   3.60599500000000        1.20333166666667      -0.780104560078172     
   3.60599500000000        1.50366458333333      -0.582903183969530     
   3.60599500000000        1.80399750000000      -0.457331575789374     
   3.60599500000000        2.10433041666667      -0.375556894696191     
   3.60599500000000        2.40466333333333      -0.321901292039510     
   3.60599500000000        2.70499625000000      -0.286140850469637     
   3.60599500000000        3.00532916666667      -0.261130259494425     
   3.60599500000000        3.30566208333333      -0.242100668646342     
   3.60599500000000        3.60599500000000      -0.226316852734157     
   3.60599500000000        3.90632791666667      -0.212545132320611     
   3.60599500000000        4.20666083333333      -0.200339553183013     
   3.60599500000000        4.50699375000000      -0.189496671141069     
   3.60599500000000        4.80732666666667      -0.179761412373593     
   3.60599500000000        5.10765958333333      -0.170800838850131     
   3.60599500000000        5.40799250000000      -0.162342683242999     
   3.60599500000000        5.70832541666667      -0.154287387920414     
   3.60599500000000        6.00865833333333      -0.146671978575774     
   3.60599500000000        6.30899125000000      -0.139662473019514     
   3.60599500000000        6.60932416666667      -0.133764523431323     
   3.60599500000000        6.90965708333333      -0.129916734843047     
   3.60599500000000        7.20999000000000      -0.127329807812086     
   3.90632791666667       2.000000000000000E-003  -1.56486371049465     
   3.90632791666667       0.302332916666667       -1.49478280151717     
   3.90632791666667       0.602665833333333       -1.28716095078268     
   3.90632791666667       0.902998750000000       -1.00589966567145     
   3.90632791666667        1.20333166666667      -0.749990348943774     
   3.90632791666667        1.50366458333333      -0.567628371223073     
   3.90632791666667        1.80399750000000      -0.449273299715781     
   3.90632791666667        2.10433041666667      -0.371266101454535     
   3.90632791666667        2.40466333333333      -0.319643715344963     
   3.90632791666667        2.70499625000000      -0.284937996539955     
   3.90632791666667        3.00532916666667      -0.260422198445404     
   3.90632791666667        3.30566208333333      -0.241596215387619     
   3.90632791666667        3.60599500000000      -0.225889102521060     
   3.90632791666667        3.90632791666667      -0.212149526994285     
   3.90632791666667        4.20666083333333      -0.199972149549695     
   3.90632791666667        4.50699375000000      -0.189162076097795     
   3.90632791666667        4.80732666666667      -0.179457375969759     
   3.90632791666667        5.10765958333333      -0.170520778427501     
   3.90632791666667        5.40799250000000      -0.162082925197289     
   3.90632791666667        5.70832541666667      -0.154054083367999     
   3.90632791666667        6.00865833333333      -0.146495734448640     
   3.90632791666667        6.30899125000000      -0.139592036864860     
   3.90632791666667        6.60932416666667      -0.133836639186979     
   3.90632791666667        6.90965708333333      -0.129883347499675     
   3.90632791666667        7.20999000000000      -0.126863115301083     
   4.20666083333333       2.000000000000000E-003  -1.33367354990676     
   4.20666083333333       0.302332916666667       -1.27039115867631     
   4.20666083333333       0.602665833333333       -1.09692749568189     
   4.20666083333333       0.902998750000000      -0.875338952325418     
   4.20666083333333        1.20333166666667      -0.673207489598219     
   4.20666083333333        1.50366458333333      -0.527458454264667     
   4.20666083333333        1.80399750000000      -0.427501062399712     
   4.20666083333333        2.10433041666667      -0.359469346976262     
   4.20666083333333        2.40466333333333      -0.313330348597917     
   4.20666083333333        2.70499625000000      -0.281492667484571     
   4.20666083333333        3.00532916666667      -0.258325988142462     
   4.20666083333333        3.30566208333333      -0.240054156316621     
   4.20666083333333        3.60599500000000      -0.224559185874510     
   4.20666083333333        3.90632791666667      -0.210923835196961     
   4.20666083333333        4.20666083333333      -0.198840820610321     
   4.20666083333333        4.50699375000000      -0.188132253451585     
   4.20666083333333        4.80732666666667      -0.178521522030294     
   4.20666083333333        5.10765958333333      -0.169662252499339     
   4.20666083333333        5.40799250000000      -0.161292623546786     
   4.20666083333333        5.70832541666667      -0.153343971378465     
   4.20666083333333        6.00865833333333      -0.145920529592952     
   4.20666083333333        6.30899125000000      -0.139218301886440     
   4.20666083333333        6.60932416666667      -0.133621445949031     
   4.20666083333333        6.90965708333333      -0.129401335366557     
   4.20666083333333        7.20999000000000      -0.125906339783935     
   4.50699375000000       2.000000000000000E-003  -1.03283883017566     
   4.50699375000000       0.302332916666667      -0.987302639447815     
   4.50699375000000       0.602665833333333      -0.867879961372872     
   4.50699375000000       0.902998750000000      -0.716882694815885     
   4.50699375000000        1.20333166666667      -0.580391082806042     
   4.50699375000000        1.50366458333333      -0.474999749245864     
   4.50699375000000        1.80399750000000      -0.397756316549255     
   4.50699375000000        2.10433041666667      -0.342814409123631     
   4.50699375000000        2.40466333333333      -0.304096225136611     
   4.50699375000000        2.70499625000000      -0.276203490824871     
   4.50699375000000        3.00532916666667      -0.254916093721944     
   4.50699375000000        3.30566208333333      -0.237432374889183     
   4.50699375000000        3.60599500000000      -0.222260112758438     
   4.50699375000000        3.90632791666667      -0.208810076731476     
   4.50699375000000        4.20666083333333      -0.196898416483175     
   4.50699375000000        4.50699375000000      -0.186362826322469     
   4.50699375000000        4.80732666666667      -0.176911119869319     
   4.50699375000000        5.10765958333333      -0.168191586652800     
   4.50699375000000        5.40799250000000      -0.159955137787295     
   4.50699375000000        5.70832541666667      -0.152152568966778     
   4.50699375000000        6.00865833333333      -0.144903284832011     
   4.50699375000000        6.30899125000000      -0.138386411785588     
   4.50699375000000        6.60932416666667      -0.132788771201311     
   4.50699375000000        6.90965708333333      -0.128174067201580     
   4.50699375000000        7.20999000000000      -0.124116256936677     
   4.80732666666667       2.000000000000000E-003 -0.764835516531533     
   4.80732666666667       0.302332916666667      -0.737609852571885     
   4.80732666666667       0.602665833333333      -0.667031787375588     
   4.80732666666667       0.902998750000000      -0.578848571157493     
   4.80732666666667        1.20333166666667      -0.493812907072693     
   4.80732666666667        1.50366458333333      -0.422086994507186     
   4.80732666666667        1.80399750000000      -0.366100139862128     
   4.80732666666667        2.10433041666667      -0.324228430957298     
   4.80732666666667        2.40466333333333      -0.293186712486864     
   4.80732666666667        2.70499625000000      -0.269472657680384     
   4.80732666666667        3.00532916666667      -0.250237983254737     
   4.80732666666667        3.30566208333333      -0.233672514714048     
   4.80732666666667        3.60599500000000      -0.218929863333401     
   4.80732666666667        3.90632791666667      -0.205761860376435     
   4.80732666666667        4.20666083333333      -0.194107612307741     
   4.80732666666667        4.50699375000000      -0.183817814944470     
   4.80732666666667        4.80732666666667      -0.174590940184430     
   4.80732666666667        5.10765958333333      -0.166083433358770     
   4.80732666666667        5.40799250000000      -0.158067994909627     
   4.80732666666667        5.70832541666667      -0.150507323836822     
   4.80732666666667        6.00865833333333      -0.143504743478613     
   4.80732666666667        6.30899125000000      -0.137190136628713     
   4.80732666666667        6.60932416666667      -0.131625927053840     
   4.80732666666667        6.90965708333333      -0.126760421456849     
   4.80732666666667        7.20999000000000      -0.122385147770284     
   5.10765958333333       2.000000000000000E-003 -0.576211503459643     
   5.10765958333333       0.302332916666667      -0.562383497497095     
   5.10765958333333       0.602665833333333      -0.525215769304181     
   5.10765958333333       0.902998750000000      -0.475161416910606     
   5.10765958333333        1.20333166666667      -0.422921834619020     
   5.10765958333333        1.50366458333333      -0.375718032725578     
   5.10765958333333        1.80399750000000      -0.336672364549507     
   5.10765958333333        2.10433041666667      -0.305810130632817     
   5.10765958333333        2.40466333333333      -0.281466522346447     
   5.10765958333333        2.70499625000000      -0.261524810466646     
   5.10765958333333        3.00532916666667      -0.244259787893625     
   5.10765958333333        3.30566208333333      -0.228695866013933     
   5.10765958333333        3.60599500000000      -0.214523625863751     
   5.10765958333333        3.90632791666667      -0.201771937947399     
   5.10765958333333        4.20666083333333      -0.190476914218125     
   5.10765958333333        4.50699375000000      -0.180504708837864     
   5.10765958333333        4.80732666666667      -0.171565311245884     
   5.10765958333333        5.10765958333333      -0.163348482304608     
   5.10765958333333        5.40799250000000      -0.155660743224309     
   5.10765958333333        5.70832541666667      -0.148467409264289     
   5.10765958333333        6.00865833333333      -0.141830680225698     
   5.10765958333333        6.30899125000000      -0.135809376356635     
   5.10765958333333        6.60932416666667      -0.130393648426946     
   5.10765958333333        6.90965708333333      -0.125528532856021     
   5.10765958333333        7.20999000000000      -0.121143464883518     
   5.40799250000000       2.000000000000000E-003 -0.455364201192195     
   5.40799250000000       0.302332916666667      -0.449218807607222     
   5.40799250000000       0.602665833333333      -0.428928366055416     
   5.40799250000000       0.902998750000000      -0.400520829466895     
   5.40799250000000        1.20333166666667      -0.368819973907574     
   5.40799250000000        1.50366458333333      -0.338101020511663     
   5.40799250000000        1.80399750000000      -0.311117376543019     
   5.40799250000000        2.10433041666667      -0.288435297636077     
   5.40799250000000        2.40466333333333      -0.269260442840056     
   5.40799250000000        2.70499625000000      -0.252396758213118     
   5.40799250000000        3.00532916666667      -0.236926279095761     
   5.40799250000000        3.30566208333333      -0.222467315403379     
   5.40799250000000        3.60599500000000      -0.209065655921194     
   5.40799250000000        3.90632791666667      -0.196912189371644     
   5.40799250000000        4.20666083333333      -0.186095593075841     
   5.40799250000000        4.50699375000000      -0.176508383791056     
   5.40799250000000        4.80732666666667      -0.167909573704972     
   5.40799250000000        5.10765958333333      -0.160056843015431     
   5.40799250000000        5.40799250000000      -0.152804530594008     
   5.40799250000000        5.70832541666667      -0.146111689992140     
   5.40799250000000        6.00865833333333      -0.139976988044394     
   5.40799250000000        6.30899125000000      -0.134368204604643     
   5.40799250000000        6.60932416666667      -0.129207871625685     
   5.40799250000000        6.90965708333333      -0.124484643816127     
   5.40799250000000        7.20999000000000      -0.120735008878400     
   5.70832541666667       2.000000000000000E-003 -0.382800202087711     
   5.70832541666667       0.302332916666667      -0.380204892806487     
   5.70832541666667       0.602665833333333      -0.367394573849710     
   5.70832541666667       0.902998750000000      -0.349264380670917     
   5.70832541666667        1.20333166666667      -0.328900067748583     
   5.70832541666667        1.50366458333333      -0.308398901678698     
   5.70832541666667        1.80399750000000      -0.289209438421318     
   5.70832541666667        2.10433041666667      -0.272036389214700     
   5.70832541666667        2.40466333333333      -0.256540321289681     
   5.70832541666667        2.70499625000000      -0.242093488437910     
   5.70832541666667        3.00532916666667      -0.228291188841718     
   5.70832541666667        3.30566208333333      -0.215096977902308     
   5.70832541666667        3.60599500000000      -0.202713537806364     
   5.70832541666667        3.90632791666667      -0.191366844135476     
   5.70832541666667        4.20666083333333      -0.181153237912852     
   5.70832541666667        4.50699375000000      -0.172007866650196     
   5.70832541666667        4.80732666666667      -0.163783108811332     
   5.70832541666667        5.10765958333333      -0.156343748624583     
   5.70832541666667        5.40799250000000      -0.149608050946560     
   5.70832541666667        5.70832541666667      -0.143528060211909     
   5.70832541666667        6.00865833333333      -0.138021384539936     
   5.70832541666667        6.30899125000000      -0.132956238706994     
   5.70832541666667        6.60932416666667      -0.128231988019672     
   5.70832541666667        6.90965708333333      -0.123767054171622     
   5.70832541666667        7.20999000000000      -0.120455455728822     
   6.00865833333333       2.000000000000000E-003 -0.342367428237047     
   6.00865833333333       0.302332916666667      -0.338729792993069     
   6.00865833333333       0.602665833333333      -0.328642804492627     
   6.00865833333333       0.902998750000000      -0.314810679678971     
   6.00865833333333        1.20333166666667      -0.299642510045732     
   6.00865833333333        1.50366458333333      -0.284492284430391     
   6.00865833333333        1.80399750000000      -0.269871938334711     
   6.00865833333333        2.10433041666667      -0.256188523940827     
   6.00865833333333        2.40466333333333      -0.243260641990379     
   6.00865833333333        2.70499625000000      -0.230771122535788     
   6.00865833333333        3.00532916666667      -0.218603032690209     
   6.00865833333333        3.30566208333333      -0.206869299946560     
   6.00865833333333        3.60599500000000      -0.195760702759347     
   6.00865833333333        3.90632791666667      -0.185423263618901     
   6.00865833333333        4.20666083333333      -0.175930574647582     
   6.00865833333333        4.50699375000000      -0.167264468509369     
   6.00865833333333        4.80732666666667      -0.159411291667748     
   6.00865833333333        5.10765958333333      -0.152387489180891     
   6.00865833333333        5.40799250000000      -0.146192415274344     
   6.00865833333333        5.70832541666667      -0.140778832239801     
   6.00865833333333        6.00865833333333      -0.136007041137575     
   6.00865833333333        6.30899125000000      -0.131558608429184     
   6.00865833333333        6.60932416666667      -0.127346335653394     
   6.00865833333333        6.90965708333333      -0.123217468785260     
   6.00865833333333        7.20999000000000      -0.119126547475518     
   6.30899125000000       2.000000000000000E-003 -0.314948790589209     
   6.30899125000000       0.302332916666667      -0.310810546899016     
   6.30899125000000       0.602665833333333      -0.301021756157632     
   6.30899125000000       0.902998750000000      -0.288800545822271     
   6.30899125000000        1.20333166666667      -0.276071947138920     
   6.30899125000000        1.50366458333333      -0.263836299778920     
   6.30899125000000        1.80399750000000      -0.252007285764216     
   6.30899125000000        2.10433041666667      -0.240620017696492     
   6.30899125000000        2.40466333333333      -0.229609235306557     
   6.30899125000000        2.70499625000000      -0.218806840328145     
   6.30899125000000        3.00532916666667      -0.208144980685588     
   6.30899125000000        3.30566208333333      -0.197894457794129     
   6.30899125000000        3.60599500000000      -0.188385883557417     
   6.30899125000000        3.90632791666667      -0.179500063703138     
   6.30899125000000        4.20666083333333      -0.170839365656032     
   6.30899125000000        4.50699375000000      -0.162581906408448     
   6.30899125000000        4.80732666666667      -0.155037554782738     
   6.30899125000000        5.10765958333333      -0.148363937960451     
   6.30899125000000        5.40799250000000      -0.142652284926095     
   6.30899125000000        5.70832541666667      -0.137880800727759     
   6.30899125000000        6.00865833333333      -0.133808662107820     
   6.30899125000000        6.30899125000000      -0.130046370488530     
   6.30899125000000        6.60932416666667      -0.126380828684965     
   6.30899125000000        6.90965708333333      -0.122616123295672     
   6.30899125000000        7.20999000000000      -0.118565298729981     
   6.60932416666667       2.000000000000000E-003 -0.290348022097259     
   6.60932416666667       0.302332916666667      -0.285153717953664     
   6.60932416666667       0.602665833333333      -0.275414987384866     
   6.60932416666667       0.902998750000000      -0.264952021469021     
   6.60932416666667        1.20333166666667      -0.254690266171577     
   6.60932416666667        1.50366458333333      -0.244731019461813     
   6.60932416666667        1.80399750000000      -0.234994318700901     
   6.60932416666667        2.10433041666667      -0.225457649031968     
   6.60932416666667        2.40466333333333      -0.216059467139311     
   6.60932416666667        2.70499625000000      -0.206652925256177     
   6.60932416666667        3.00532916666667      -0.197257195513798     
   6.60932416666667        3.30566208333333      -0.188791725328966     
   6.60932416666667        3.60599500000000      -0.181545228579138     
   6.60932416666667        3.90632791666667      -0.174494450867235     
   6.60932416666667        4.20666083333333      -0.166629370307206     
   6.60932416666667        4.50699375000000      -0.158388117986740     
   6.60932416666667        4.80732666666667      -0.150852942288794     
   6.60932416666667        5.10765958333333      -0.144395608660113     
   6.60932416666667        5.40799250000000      -0.139061023449869     
   6.60932416666667        5.70832541666667      -0.134896828490813     
   6.60932416666667        6.00865833333333      -0.131527135434131     
   6.60932416666667        6.30899125000000      -0.128421526155903     
   6.60932416666667        6.60932416666667      -0.125085805187803     
   6.60932416666667        6.90965708333333      -0.121709978499275     
   6.60932416666667        7.20999000000000      -0.118092860682568     
   6.90965708333333       2.000000000000000E-003 -0.268723088122439     
   6.90965708333333       0.302332916666667      -0.258956971204589     
   6.90965708333333       0.602665833333333      -0.248921512217450     
   6.90965708333333       0.902998750000000      -0.242065414215252     
   6.90965708333333        1.20333166666667      -0.234803190274724     
   6.90965708333333        1.50366458333333      -0.227050382005021     
   6.90965708333333        1.80399750000000      -0.219083309304759     
   6.90965708333333        2.10433041666667      -0.211191003425949     
   6.90965708333333        2.40466333333333      -0.203264097944353     
   6.90965708333333        2.70499625000000      -0.195225496837161     
   6.90965708333333        3.00532916666667      -0.187499998136847     
   6.90965708333333        3.30566208333333      -0.181310916724310     
   6.90965708333333        3.60599500000000      -0.176913480990396     
   6.90965708333333        3.90632791666667      -0.170892856833153     
   6.90965708333333        4.20666083333333      -0.163220207449403     
   6.90965708333333        4.50699375000000      -0.154695897589296     
   6.90965708333333        4.80732666666667      -0.146879153716272     
   6.90965708333333        5.10765958333333      -0.140517287438496     
   6.90965708333333        5.40799250000000      -0.135505723761352     
   6.90965708333333        5.70832541666667      -0.131882048718002     
   6.90965708333333        6.00865833333333      -0.129161259906841     
   6.90965708333333        6.30899125000000      -0.126693847949454     
   6.90965708333333        6.60932416666667      -0.123780117941458     
   6.90965708333333        6.90965708333333      -0.120711645855433     
   6.90965708333333        7.20999000000000      -0.117945144188627     
   7.20999000000000       2.000000000000000E-003 -0.246838279769215     
   7.20999000000000       0.302332916666667      -0.239892280411465     
   7.20999000000000       0.602665833333333      -0.229182593106940     
   7.20999000000000       0.902998750000000      -0.223171350497636     
   7.20999000000000        1.20333166666667      -0.217487508044235     
   7.20999000000000        1.50366458333333      -0.211385678349343     
   7.20999000000000        1.80399750000000      -0.204900159534505     
   7.20999000000000        2.10433041666667      -0.198374532953489     
   7.20999000000000        2.40466333333333      -0.191823671410169     
   7.20999000000000        2.70499625000000      -0.185416778288309     
   7.20999000000000        3.00532916666667      -0.179887253128406     
   7.20999000000000        3.30566208333333      -0.176369625563550     
   7.20999000000000        3.60599500000000      -0.172973648396703     
   7.20999000000000        3.90632791666667      -0.166435440342881     
   7.20999000000000        4.20666083333333      -0.159339216417063     
   7.20999000000000        4.50699375000000      -0.150713645503951     
   7.20999000000000        4.80732666666667      -0.142849491914429     
   7.20999000000000        5.10765958333333      -0.136683668486416     
   7.20999000000000        5.40799250000000      -0.132000428042027     
   7.20999000000000        5.70832541666667      -0.128893687982423     
   7.20999000000000        6.00865833333333      -0.126813721275785     
   7.20999000000000        6.30899125000000      -0.124978196901519     
   7.20999000000000        6.60932416666667      -0.122880906213334     
   7.20999000000000        6.90965708333333      -0.120277079491229     
   7.20999000000000        7.20999000000000      -0.116862941378973     
