  2.000000000000000E-003  2.000000000000000E-003  -2.04980206176077     
  2.000000000000000E-003  0.302332916666667       -1.82011667438764     
  2.000000000000000E-003  0.602665833333333       -1.43447017632478     
  2.000000000000000E-003  0.902998750000000       -1.02758481583269     
  2.000000000000000E-003   1.20333166666667      -0.751259005453690     
  2.000000000000000E-003   1.50366458333333      -0.579663506065132     
  2.000000000000000E-003   1.80399750000000      -0.470082475942101     
  2.000000000000000E-003   2.10433041666667      -0.395574733976836     
  2.000000000000000E-003   2.40466333333333      -0.342883866592567     
  2.000000000000000E-003   2.70499625000000      -0.304924014469972     
  2.000000000000000E-003   3.00532916666667      -0.277905666346550     
  2.000000000000000E-003   3.30566208333333      -0.260373263973732     
  2.000000000000000E-003   3.60599500000000      -0.246844725986502     
  2.000000000000000E-003   3.90632791666667      -0.226335124345675     
  2.000000000000000E-003   4.20666083333333      -0.207743325989189     
  2.000000000000000E-003   4.50699375000000      -0.189729544372774     
  2.000000000000000E-003   4.80732666666667      -0.174607068394358     
  2.000000000000000E-003   5.10765958333333      -0.162975427817451     
  2.000000000000000E-003   5.40799250000000      -0.154125007754177     
  2.000000000000000E-003   5.70832541666667      -0.148419405814876     
  2.000000000000000E-003   6.00865833333333      -0.144174108387623     
  2.000000000000000E-003   6.30899125000000      -0.140279782124043     
  2.000000000000000E-003   6.60932416666667      -0.136008016696078     
  2.000000000000000E-003   6.90965708333333      -0.132850302764751     
  2.000000000000000E-003   7.20999000000000      -0.128411081174856     
  0.302332916666667       2.000000000000000E-003  -1.82011678091046     
  0.302332916666667       0.302332916666667       -1.70316029304768     
  0.302332916666667       0.602665833333333       -1.33969373570341     
  0.302332916666667       0.902998750000000      -0.976657010139893     
  0.302332916666667        1.20333166666667      -0.726620331307232     
  0.302332916666667        1.50366458333333      -0.567226615480746     
  0.302332916666667        1.80399750000000      -0.462670985380272     
  0.302332916666667        2.10433041666667      -0.391259589929293     
  0.302332916666667        2.40466333333333      -0.340472273909517     
  0.302332916666667        2.70499625000000      -0.303834111141644     
  0.302332916666667        3.00532916666667      -0.277855953539955     
  0.302332916666667        3.30566208333333      -0.260390516562506     
  0.302332916666667        3.60599500000000      -0.245620072730551     
  0.302332916666667        3.90632791666667      -0.226585750008784     
  0.302332916666667        4.20666083333333      -0.206962988415940     
  0.302332916666667        4.50699375000000      -0.188934766932466     
  0.302332916666667        4.80732666666667      -0.174129831099045     
  0.302332916666667        5.10765958333333      -0.162748906606347     
  0.302332916666667        5.40799250000000      -0.154052763686291     
  0.302332916666667        5.70832541666667      -0.147999075370763     
  0.302332916666667        6.00865833333333      -0.143785923459172     
  0.302332916666667        6.30899125000000      -0.140368172651319     
  0.302332916666667        6.60932416666667      -0.136469181338535     
  0.302332916666667        6.90965708333333      -0.129753290906727     
  0.302332916666667        7.20999000000000      -0.126540094924227     
  0.602665833333333       2.000000000000000E-003  -1.43447020239302     
  0.602665833333333       0.302332916666667       -1.33969372573995     
  0.602665833333333       0.602665833333333       -1.10614122274095     
  0.602665833333333       0.902998750000000      -0.851572717054494     
  0.602665833333333        1.20333166666667      -0.662325196109217     
  0.602665833333333        1.50366458333333      -0.532109941834734     
  0.602665833333333        1.80399750000000      -0.442375636421932     
  0.602665833333333        2.10433041666667      -0.379171975610894     
  0.602665833333333        2.40466333333333      -0.333289598230599     
  0.602665833333333        2.70499625000000      -0.299801490053704     
  0.602665833333333        3.00532916666667      -0.275585674235627     
  0.602665833333333        3.30566208333333      -0.257671070220984     
  0.602665833333333        3.60599500000000      -0.241429497809708     
  0.602665833333333        3.90632791666667      -0.222966788304534     
  0.602665833333333        4.20666083333333      -0.203779079664471     
  0.602665833333333        4.50699375000000      -0.186654362615483     
  0.602665833333333        4.80732666666667      -0.172841313143932     
  0.602665833333333        5.10765958333333      -0.162095875786486     
  0.602665833333333        5.40799250000000      -0.153730000867259     
  0.602665833333333        5.70832541666667      -0.147610936430915     
  0.602665833333333        6.00865833333333      -0.143060725311979     
  0.602665833333333        6.30899125000000      -0.139126783568729     
  0.602665833333333        6.60932416666667      -0.132737147550123     
  0.602665833333333        6.90965708333333      -0.129226006148618     
  0.602665833333333        7.20999000000000      -0.122934135388268     
  0.902998750000000       2.000000000000000E-003  -1.02758497247767     
  0.902998750000000       0.302332916666667      -0.976657131607271     
  0.902998750000000       0.602665833333333      -0.851572845735110     
  0.902998750000000       0.902998750000000      -0.706174020448422     
  0.902998750000000        1.20333166666667      -0.580697327487279     
  0.902998750000000        1.50366458333333      -0.484811426425544     
  0.902998750000000        1.80399750000000      -0.414019249248569     
  0.902998750000000        2.10433041666667      -0.361424214902571     
  0.902998750000000        2.40466333333333      -0.321904838879317     
  0.902998750000000        2.70499625000000      -0.292156002918560     
  0.902998750000000        3.00532916666667      -0.269467238630890     
  0.902998750000000        3.30566208333333      -0.251007009843877     
  0.902998750000000        3.60599500000000      -0.233798533068145     
  0.902998750000000        3.90632791666667      -0.216114470504887     
  0.902998750000000        4.20666083333333      -0.198768400187003     
  0.902998750000000        4.50699375000000      -0.183500854819435     
  0.902998750000000        4.80732666666667      -0.171045110855613     
  0.902998750000000        5.10765958333333      -0.161129106606798     
  0.902998750000000        5.40799250000000      -0.153247683723318     
  0.902998750000000        5.70832541666667      -0.147061975072931     
  0.902998750000000        6.00865833333333      -0.142154425616796     
  0.902998750000000        6.30899125000000      -0.137725646874418     
  0.902998750000000        6.60932416666667      -0.133161116410970     
  0.902998750000000        6.90965708333333      -0.128182647259068     
  0.902998750000000        7.20999000000000      -0.122837671073082     
   1.20333166666667       2.000000000000000E-003 -0.751259053945948     
   1.20333166666667       0.302332916666667      -0.726620590110700     
   1.20333166666667       0.602665833333333      -0.662325482675381     
   1.20333166666667       0.902998750000000      -0.580697536153498     
   1.20333166666667        1.20333166666667      -0.501592212526727     
   1.20333166666667        1.50366458333333      -0.435493239611228     
   1.20333166666667        1.80399750000000      -0.382584955868663     
   1.20333166666667        2.10433041666667      -0.340663536078135     
   1.20333166666667        2.40466333333333      -0.307793192319169     
   1.20333166666667        2.70499625000000      -0.281815161749851     
   1.20333166666667        3.00532916666667      -0.260646045647080     
   1.20333166666667        3.30566208333333      -0.242376830319669     
   1.20333166666667        3.60599500000000      -0.225333025520276     
   1.20333166666667        3.90632791666667      -0.208874534389560     
   1.20333166666667        4.20666083333333      -0.193556368587717     
   1.20333166666667        4.50699375000000      -0.180192525908268     
   1.20333166666667        4.80732666666667      -0.169066053726616     
   1.20333166666667        5.10765958333333      -0.160001821231920     
   1.20333166666667        5.40799250000000      -0.152600954454431     
   1.20333166666667        5.70832541666667      -0.146457399087759     
   1.20333166666667        6.00865833333333      -0.141400363366030     
   1.20333166666667        6.30899125000000      -0.136486336820882     
   1.20333166666667        6.60932416666667      -0.131815875601963     
   1.20333166666667        6.90965708333333      -0.127136109734797     
   1.20333166666667        7.20999000000000      -0.122694617105918     
   1.50366458333333       2.000000000000000E-003 -0.579663683642118     
   1.50366458333333       0.302332916666667      -0.567226889546736     
   1.50366458333333       0.602665833333333      -0.532110412513921     
   1.50366458333333       0.902998750000000      -0.484811787233715     
   1.50366458333333        1.20333166666667      -0.435493341636770     
   1.50366458333333        1.50366458333333      -0.390529563267368     
   1.50366458333333        1.80399750000000      -0.351661855500127     
   1.50366458333333        2.10433041666667      -0.319219625325840     
   1.50366458333333        2.40466333333333      -0.292489965654674     
   1.50366458333333        2.70499625000000      -0.270170665694465     
   1.50366458333333        3.00532916666667      -0.250886771032336     
   1.50366458333333        3.30566208333333      -0.233517630746671     
   1.50366458333333        3.60599500000000      -0.217387307087991     
   1.50366458333333        3.90632791666667      -0.202380886972164     
   1.50366458333333        4.20666083333333      -0.188815215137832     
   1.50366458333333        4.50699375000000      -0.177034152992896     
   1.50366458333333        4.80732666666667      -0.167106623332397     
   1.50366458333333        5.10765958333333      -0.158816661006208     
   1.50366458333333        5.40799250000000      -0.151811358272742     
   1.50366458333333        5.70832541666667      -0.145750848138474     
   1.50366458333333        6.00865833333333      -0.140332640842712     
   1.50366458333333        6.30899125000000      -0.135329017055179     
   1.50366458333333        6.60932416666667      -0.130576147016015     
   1.50366458333333        6.90965708333333      -0.125990084584598     
   1.50366458333333        7.20999000000000      -0.122014950236704     
   1.80399750000000       2.000000000000000E-003 -0.470082540475462     
   1.80399750000000       0.302332916666667      -0.462671049356270     
   1.80399750000000       0.602665833333333      -0.442375922964402     
   1.80399750000000       0.902998750000000      -0.414019466769225     
   1.80399750000000        1.20333166666667      -0.382584967083991     
   1.80399750000000        1.50366458333333      -0.351661815673314     
   1.80399750000000        1.80399750000000      -0.323422218109712     
   1.80399750000000        2.10433041666667      -0.298625146554067     
   1.80399750000000        2.40466333333333      -0.277059979235428     
   1.80399750000000        2.70499625000000      -0.258032951637275     
   1.80399750000000        3.00532916666667      -0.240801588097002     
   1.80399750000000        3.30566208333333      -0.224863735993513     
   1.80399750000000        3.60599500000000      -0.210062654195579     
   1.80399750000000        3.90632791666667      -0.196527512696850     
   1.80399750000000        4.20666083333333      -0.184490189976746     
   1.80399750000000        4.50699375000000      -0.174073515111601     
   1.80399750000000        4.80732666666667      -0.165184320882914     
   1.80399750000000        5.10765958333333      -0.157557524660664     
   1.80399750000000        5.40799250000000      -0.150878154159491     
   1.80399750000000        5.70832541666667      -0.144881111513390     
   1.80399750000000        6.00865833333333      -0.139379752699054     
   1.80399750000000        6.30899125000000      -0.134251974823464     
   1.80399750000000        6.60932416666667      -0.129421220123754     
   1.80399750000000        6.90965708333333      -0.124877316470754     
   1.80399750000000        7.20999000000000      -0.120682334758401     
   2.10433041666667       2.000000000000000E-003 -0.395574376599868     
   2.10433041666667       0.302332916666667      -0.391259332270483     
   2.10433041666667       0.602665833333333      -0.379171835653731     
   2.10433041666667       0.902998750000000      -0.361424107319660     
   2.10433041666667        1.20333166666667      -0.340663402956413     
   2.10433041666667        1.50366458333333      -0.319219508940536     
   2.10433041666667        1.80399750000000      -0.298625085097509     
   2.10433041666667        2.10433041666667      -0.279553443289560     
   2.10433041666667        2.40466333333333      -0.262039522039981     
   2.10433041666667        2.70499625000000      -0.245811212042763     
   2.10433041666667        3.00532916666667      -0.230595513412921     
   2.10433041666667        3.30566208333333      -0.216301197988066     
   2.10433041666667        3.60599500000000      -0.203040680628034     
   2.10433041666667        3.90632791666667      -0.191024388905333     
   2.10433041666667        4.20666083333333      -0.180408107017888     
   2.10433041666667        4.50699375000000      -0.171184471176411     
   2.10433041666667        4.80732666666667      -0.163174127857298     
   2.10433041666667        5.10765958333333      -0.156104665487071     
   2.10433041666667        5.40799250000000      -0.149714916193904     
   2.10433041666667        5.70832541666667      -0.143820808672364     
   2.10433041666667        6.00865833333333      -0.138323209232144     
   2.10433041666667        6.30899125000000      -0.133180831537889     
   2.10433041666667        6.60932416666667      -0.128379876948485     
   2.10433041666667        6.90965708333333      -0.123924280536123     
   2.10433041666667        7.20999000000000      -0.119818160201646     
   2.40466333333333       2.000000000000000E-003 -0.342883229273333     
   2.40466333333333       0.302332916666667      -0.340471731948654     
   2.40466333333333       0.602665833333333      -0.333289191918074     
   2.40466333333333       0.902998750000000      -0.321904534116059     
   2.40466333333333        1.20333166666667      -0.307792955536533     
   2.40466333333333        1.50366458333333      -0.292489792546070     
   2.40466333333333        1.80399750000000      -0.277059872884343     
   2.40466333333333        2.10433041666667      -0.262039476738539     
   2.40466333333333        2.40466333333333      -0.247589586931506     
   2.40466333333333        2.70499625000000      -0.233710388172746     
   2.40466333333333        3.00532916666667      -0.220423325544032     
   2.40466333333333        3.30566208333333      -0.207856579555026     
   2.40466333333333        3.60599500000000      -0.196219259520462     
   2.40466333333333        3.90632791666667      -0.185703188283729     
   2.40466333333333        4.20666083333333      -0.176384172614586     
   2.40466333333333        4.50699375000000      -0.168183195587693     
   2.40466333333333        4.80732666666667      -0.160902657020141     
   2.40466333333333        5.10765958333333      -0.154307606550556     
   2.40466333333333        5.40799250000000      -0.148203190209799     
   2.40466333333333        5.70832541666667      -0.142472939349579     
   2.40466333333333        6.00865833333333      -0.137074797596974     
   2.40466333333333        6.30899125000000      -0.132016967846443     
   2.40466333333333        6.60932416666667      -0.127334261305863     
   2.40466333333333        6.90965708333333      -0.123060381319970     
   2.40466333333333        7.20999000000000      -0.119164076310384     
   2.70499625000000       2.000000000000000E-003 -0.304923154492458     
   2.70499625000000       0.302332916666667      -0.303833357436545     
   2.70499625000000       0.602665833333333      -0.299800907150610     
   2.70499625000000       0.902998750000000      -0.292155595281370     
   2.70499625000000        1.20333166666667      -0.281814873339027     
   2.70499625000000        1.50366458333333      -0.270170467836877     
   2.70499625000000        1.80399750000000      -0.258032826122912     
   2.70499625000000        2.10433041666667      -0.245811144208527     
   2.70499625000000        2.40466333333333      -0.233710362709700     
   2.70499625000000        2.70499625000000      -0.221866536352411     
   2.70499625000000        3.00532916666667      -0.210432993471592     
   2.70499625000000        3.30566208333333      -0.199602117778875     
   2.70499625000000        3.60599500000000      -0.189566086237135     
   2.70499625000000        3.90632791666667      -0.180450614332507     
   2.70499625000000        4.20666083333333      -0.172268217323006     
   2.70499625000000        4.50699375000000      -0.164920494461587     
   2.70499625000000        4.80732666666667      -0.158243865904344     
   2.70499625000000        5.10765958333333      -0.152069062585218     
   2.70499625000000        5.40799250000000      -0.146267062773350     
   2.70499625000000        5.70832541666667      -0.140767468197172     
   2.70499625000000        6.00865833333333      -0.135554802169349     
   2.70499625000000        6.30899125000000      -0.130659394899727     
   2.70499625000000        6.60932416666667      -0.126175394274155     
   2.70499625000000        6.90965708333333      -0.122239140897356     
   2.70499625000000        7.20999000000000      -0.118741239335858     
   3.00532916666667       2.000000000000000E-003 -0.277904663896048     
   3.00532916666667       0.302332916666667      -0.277855071023624     
   3.00532916666667       0.602665833333333      -0.275584960396816     
   3.00532916666667       0.902998750000000      -0.269466737793715     
   3.00532916666667        1.20333166666667      -0.260645723626900     
   3.00532916666667        1.50366458333333      -0.250886562065178     
   3.00532916666667        1.80399750000000      -0.240801457357931     
   3.00532916666667        2.10433041666667      -0.230595438319086     
   3.00532916666667        2.40466333333333      -0.220423290339442     
   3.00532916666667        2.70499625000000      -0.210432983155661     
   3.00532916666667        3.00532916666667      -0.200780771063703     
   3.00532916666667        3.30566208333333      -0.191620894908340     
   3.00532916666667        3.60599500000000      -0.183075017548197     
   3.00532916666667        3.90632791666667      -0.175200594683339     
   3.00532916666667        4.20666083333333      -0.167980470544382     
   3.00532916666667        4.50699375000000      -0.161339435103602     
   3.00532916666667        4.80732666666667      -0.155176423692099     
   3.00532916666667        5.10765958333333      -0.149393654693332     
   3.00532916666667        5.40799250000000      -0.143914875746725     
   3.00532916666667        5.70832541666667      -0.138693414612064     
   3.00532916666667        6.00865833333333      -0.133713793317143     
   3.00532916666667        6.30899125000000      -0.129002824082035     
   3.00532916666667        6.60932416666667      -0.124770079602641     
   3.00532916666667        6.90965708333333      -0.121305651769810     
   3.00532916666667        7.20999000000000      -0.118407938714265     
   3.30566208333333       2.000000000000000E-003 -0.260372207819766     
   3.30566208333333       0.302332916666667      -0.260389518114366     
   3.30566208333333       0.602665833333333      -0.257670208243026     
   3.30566208333333       0.902998750000000      -0.251006386888507     
   3.30566208333333        1.20333166666667      -0.242376453298563     
   3.30566208333333        1.50366458333333      -0.233517400617913     
   3.30566208333333        1.80399750000000      -0.224863595495487     
   3.30566208333333        2.10433041666667      -0.216301116053328     
   3.30566208333333        2.40466333333333      -0.207856538743116     
   3.30566208333333        2.70499625000000      -0.199602103296733     
   3.30566208333333        3.00532916666667      -0.191620891723671     
   3.30566208333333        3.30566208333333      -0.183987840352366     
   3.30566208333333        3.60599500000000      -0.176753297944015     
   3.30566208333333        3.90632791666667      -0.169934890783915     
   3.30566208333333        4.20666083333333      -0.163521128118453     
   3.30566208333333        4.50699375000000      -0.157482723508851     
   3.30566208333333        4.80732666666667      -0.151782495779904     
   3.30566208333333        5.10765958333333      -0.146379794897378     
   3.30566208333333        5.40799250000000      -0.141232615159790     
   3.30566208333333        5.70832541666667      -0.136303321219170     
   3.30566208333333        6.00865833333333      -0.131561185911206     
   3.30566208333333        6.30899125000000      -0.127040133692771     
   3.30566208333333        6.60932416666667      -0.123047089291988     
   3.30566208333333        6.90965708333333      -0.120096564412091     
   3.30566208333333        7.20999000000000      -0.117817487907310     
   3.60599500000000       2.000000000000000E-003 -0.246843489515131     
   3.60599500000000       0.302332916666667      -0.245618885349915     
   3.60599500000000       0.602665833333333      -0.241428472807485     
   3.60599500000000       0.902998750000000      -0.233797801194607     
   3.60599500000000        1.20333166666667      -0.225332573752752     
   3.60599500000000        1.50366458333333      -0.217387039371329     
   3.60599500000000        1.80399750000000      -0.210062488063154     
   3.60599500000000        2.10433041666667      -0.203040578509874     
   3.60599500000000        2.40466333333333      -0.196219202337453     
   3.60599500000000        2.70499625000000      -0.189566058216641     
   3.60599500000000        3.00532916666667      -0.183075002195354     
   3.60599500000000        3.30566208333333      -0.176753285772743     
   3.60599500000000        3.60599500000000      -0.170614197419065     
   3.60599500000000        3.90632791666667      -0.164673601749998     
   3.60599500000000        4.20666083333333      -0.158948524321181     
   3.60599500000000        4.50699375000000      -0.153454066397371     
   3.60599500000000        4.80732666666667      -0.148196251615418     
   3.60599500000000        5.10765958333333      -0.143166040251135     
   3.60599500000000        5.40799250000000      -0.138339647862533     
   3.60599500000000        5.70832541666667      -0.133688022317608     
   3.60599500000000        6.00865833333333      -0.129180916495318     
   3.60599500000000        6.30899125000000      -0.124904033247010     
   3.60599500000000        6.60932416666667      -0.121217510836112     
   3.60599500000000        6.90965708333333      -0.118728082020614     
   3.60599500000000        7.20999000000000      -0.116857140695669     
   3.90632791666667       2.000000000000000E-003 -0.226334001103390     
   3.90632791666667       0.302332916666667      -0.226584641036081     
   3.90632791666667       0.602665833333333      -0.222965775471289     
   3.90632791666667       0.902998750000000      -0.216113720226053     
   3.90632791666667        1.20333166666667      -0.208874043704793     
   3.90632791666667        1.50366458333333      -0.202380580073464     
   3.90632791666667        1.80399750000000      -0.196527306594168     
   3.90632791666667        2.10433041666667      -0.191024248023605     
   3.90632791666667        2.40466333333333      -0.185703094322860     
   3.90632791666667        2.70499625000000      -0.180450550790260     
   3.90632791666667        3.00532916666667      -0.175200543470993     
   3.90632791666667        3.30566208333333      -0.169934840963687     
   3.90632791666667        3.60599500000000      -0.164673562227719     
   3.90632791666667        3.90632791666667      -0.159459698762001     
   3.90632791666667        4.20666083333333      -0.154342664538455     
   3.90632791666667        4.50699375000000      -0.149362464763255     
   3.90632791666667        4.80732666666667      -0.144538322337898     
   3.90632791666667        5.10765958333333      -0.139867834987923     
   3.90632791666667        5.40799250000000      -0.135336304035365     
   3.90632791666667        5.70832541666667      -0.130933878799007     
   3.90632791666667        6.00865833333333      -0.126666430556175     
   3.90632791666667        6.30899125000000      -0.122684840589496     
   3.90632791666667        6.60932416666667      -0.119381728148617     
   3.90632791666667        6.90965708333333      -0.117084615903069     
   3.90632791666667        7.20999000000000      -0.115031965726338     
   4.20666083333333       2.000000000000000E-003 -0.207742195768839     
   4.20666083333333       0.302332916666667      -0.206961991899543     
   4.20666083333333       0.602665833333333      -0.203778210240686     
   4.20666083333333       0.902998750000000      -0.198767729345898     
   4.20666083333333        1.20333166666667      -0.193555901889117     
   4.20666083333333        1.50366458333333      -0.188814884149789     
   4.20666083333333        1.80399750000000      -0.184489940421937     
   4.20666083333333        2.10433041666667      -0.180407915092381     
   4.20666083333333        2.40466333333333      -0.176384024741852     
   4.20666083333333        2.70499625000000      -0.172268097831868     
   4.20666083333333        3.00532916666667      -0.167980360397416     
   4.20666083333333        3.30566208333333      -0.163521015340170     
   4.20666083333333        3.60599500000000      -0.158948417223771     
   4.20666083333333        3.90632791666667      -0.154342593109223     
   4.20666083333333        4.20666083333333      -0.149773240322617     
   4.20666083333333        4.50699375000000      -0.145280955448289     
   4.20666083333333        4.80732666666667      -0.140874100965119     
   4.20666083333333        5.10765958333333      -0.136541756694772     
   4.20666083333333        5.40799250000000      -0.132275867845087     
   4.20666083333333        5.70832541666667      -0.128094469907353     
   4.20666083333333        6.00865833333333      -0.124057961894754     
   4.20666083333333        6.30899125000000      -0.120320556589024     
   4.20666083333333        6.60932416666667      -0.117241882426564     
   4.20666083333333        6.90965708333333      -0.114929187822290     
   4.20666083333333        7.20999000000000      -0.112808725403413     
   4.50699375000000       2.000000000000000E-003 -0.189728470108309     
   4.50699375000000       0.302332916666667      -0.188933897709700     
   4.50699375000000       0.602665833333333      -0.186653678025951     
   4.50699375000000       0.902998750000000      -0.183500329148261     
   4.50699375000000        1.20333166666667      -0.180192120839913     
   4.50699375000000        1.50366458333333      -0.177033821333066     
   4.50699375000000        1.80399750000000      -0.174073232970678     
   4.50699375000000        2.10433041666667      -0.171184230814510     
   4.50699375000000        2.40466333333333      -0.168182992014225     
   4.50699375000000        2.70499625000000      -0.164920315778594     
   4.50699375000000        3.00532916666667      -0.161339263160527     
   4.50699375000000        3.30566208333333      -0.157482545261660     
   4.50699375000000        3.60599500000000      -0.153453887414250     
   4.50699375000000        3.90632791666667      -0.149362312153388     
   4.50699375000000        4.20666083333333      -0.145280866070045     
   4.50699375000000        4.50699375000000      -0.141234350346277     
   4.50699375000000        4.80732666666667      -0.137211176350088     
   4.50699375000000        5.10765958333333      -0.133190541047172     
   4.50699375000000        5.40799250000000      -0.129173297218600     
   4.50699375000000        5.70832541666667      -0.125203972177556     
   4.50699375000000        6.00865833333333      -0.121377423829334     
   4.50699375000000        6.30899125000000      -0.117832310914104     
   4.50699375000000        6.60932416666667      -0.114773566067190     
   4.50699375000000        6.90965708333333      -0.112252826752481     
   4.50699375000000        7.20999000000000      -0.109897292269835     
   4.80732666666667       2.000000000000000E-003 -0.174606233139358     
   4.80732666666667       0.302332916666667      -0.174129189895798     
   4.80732666666667       0.602665833333333      -0.172840850144597     
   4.80732666666667       0.902998750000000      -0.171044759331636     
   4.80732666666667        1.20333166666667      -0.169065741732748     
   4.80732666666667        1.50366458333333      -0.167106323223762     
   4.80732666666667        1.80399750000000      -0.165184032146490     
   4.80732666666667        2.10433041666667      -0.163173859810339     
   4.80732666666667        2.40466333333333      -0.160902416953865     
   4.80732666666667        2.70499625000000      -0.158243650149173     
   4.80732666666667        3.00532916666667      -0.155176217632891     
   4.80732666666667        3.30566208333333      -0.151782284092020     
   4.80732666666667        3.60599500000000      -0.148196032293863     
   4.80732666666667        3.90632791666667      -0.144538114035365     
   4.80732666666667        4.20666083333333      -0.140873936572198     
   4.80732666666667        4.50699375000000      -0.137211087089048     
   4.80732666666667        4.80732666666667      -0.133524976495522     
   4.80732666666667        5.10765958333333      -0.129794736832312     
   4.80732666666667        5.40799250000000      -0.126034048453548     
   4.80732666666667        5.70832541666667      -0.122303975886399     
   4.80732666666667        6.00865833333333      -0.118705035125444     
   4.80732666666667        6.30899125000000      -0.115352879567381     
   4.80732666666667        6.60932416666667      -0.112339941184953     
   4.80732666666667        6.90965708333333      -0.109670920962606     
   4.80732666666667        7.20999000000000      -0.107191587071981     
   5.10765958333333       2.000000000000000E-003 -0.162974657236347     
   5.10765958333333       0.302332916666667      -0.162748378960629     
   5.10765958333333       0.602665833333333      -0.162095657047345     
   5.10765958333333       0.902998750000000      -0.161129004922898     
   5.10765958333333        1.20333166666667      -0.160001659660929     
   5.10765958333333        1.50366458333333      -0.158816443675361     
   5.10765958333333        1.80399750000000      -0.157557271667871     
   5.10765958333333        2.10433041666667      -0.156104406043802     
   5.10765958333333        2.40466333333333      -0.154307366830989     
   5.10765958333333        2.70499625000000      -0.152068852510527     
   5.10765958333333        3.00532916666667      -0.149393465751054     
   5.10765958333333        3.30566208333333      -0.146379606107004     
   5.10765958333333        3.60599500000000      -0.143165835184451     
   5.10765958333333        3.90632791666667      -0.139867620055273     
   5.10765958333333        4.20666083333333      -0.136541557455960     
   5.10765958333333        4.50699375000000      -0.133190389218478     
   5.10765958333333        4.80732666666667      -0.129794656851472     
   5.10765958333333        5.10765958333333      -0.126347761734117     
   5.10765958333333        5.40799250000000      -0.122877388827668     
   5.10765958333333        5.70832541666667      -0.119446161691665     
   5.10765958333333        6.00865833333333      -0.116135014184923     
   5.10765958333333        6.30899125000000      -0.113018916271523     
   5.10765958333333        6.60932416666667      -0.110142973816607     
   5.10765958333333        6.90965708333333      -0.107504838203522     
   5.10765958333333        7.20999000000000      -0.105051351727058     
   5.40799250000000       2.000000000000000E-003 -0.154124049392723     
   5.40799250000000       0.302332916666667      -0.154052187638113     
   5.40799250000000       0.602665833333333      -0.153730096701979     
   5.40799250000000       0.902998750000000      -0.153247924296504     
   5.40799250000000        1.20333166666667      -0.152601042487302     
   5.40799250000000        1.50366458333333      -0.151811347937973     
   5.40799250000000        1.80399750000000      -0.150878001251919     
   5.40799250000000        2.10433041666667      -0.149714707381620     
   5.40799250000000        2.40466333333333      -0.148202991650687     
   5.40799250000000        2.70499625000000      -0.146266904979135     
   5.40799250000000        3.00532916666667      -0.143914759809215     
   5.40799250000000        3.30566208333333      -0.141232507280859     
   5.40799250000000        3.60599500000000      -0.138339496528784     
   5.40799250000000        3.90632791666667      -0.135336120491039     
   5.40799250000000        4.20666083333333      -0.132275673594585     
   5.40799250000000        4.50699375000000      -0.129173121551866     
   5.40799250000000        4.80732666666667      -0.126033917423535     
   5.40799250000000        5.10765958333333      -0.122877320638256     
   5.40799250000000        5.40799250000000      -0.119742170572832     
   5.40799250000000        5.70832541666667      -0.116676999211368     
   5.40799250000000        6.00865833333333      -0.113723169440232     
   5.40799250000000        6.30899125000000      -0.110901373097612     
   5.40799250000000        6.60932416666667      -0.108227055251970     
   5.40799250000000        6.90965708333333      -0.105724040197309     
   5.40799250000000        7.20999000000000      -0.103395482010807     
   5.70832541666667       2.000000000000000E-003 -0.148418607438783     
   5.70832541666667       0.302332916666667      -0.147998487840776     
   5.70832541666667       0.602665833333333      -0.147611090926155     
   5.70832541666667       0.902998750000000      -0.147062077050541     
   5.70832541666667        1.20333166666667      -0.146458270894926     
   5.70832541666667        1.50366458333333      -0.145751657074109     
   5.70832541666667        1.80399750000000      -0.144881121883414     
   5.70832541666667        2.10433041666667      -0.143820680576036     
   5.70832541666667        2.40466333333333      -0.142472809278278     
   5.70832541666667        2.70499625000000      -0.140767394978373     
   5.70832541666667        3.00532916666667      -0.138693414396554     
   5.70832541666667        3.30566208333333      -0.136303382921393     
   5.70832541666667        3.60599500000000      -0.133687779916834     
   5.70832541666667        3.90632791666667      -0.130933728427358     
   5.70832541666667        4.20666083333333      -0.128094285460602     
   5.70832541666667        4.50699375000000      -0.125203811112003     
   5.70832541666667        4.80732666666667      -0.122303837834474     
   5.70832541666667        5.10765958333333      -0.119446058547478     
   5.70832541666667        5.40799250000000      -0.116676949642877     
   5.70832541666667        5.70832541666667      -0.114022478567351     
   5.70832541666667        6.00865833333333      -0.111477344587816     
   5.70832541666667        6.30899125000000      -0.109024160704617     
   5.70832541666667        6.60932416666667      -0.106661551912684     
   5.70832541666667        6.90965708333333      -0.104389598132012     
   5.70832541666667        7.20999000000000      -0.102212678017755     
   6.00865833333333       2.000000000000000E-003 -0.144173738402274     
   6.00865833333333       0.302332916666667      -0.143785472257881     
   6.00865833333333       0.602665833333333      -0.143060421917339     
   6.00865833333333       0.902998750000000      -0.142154519541670     
   6.00865833333333        1.20333166666667      -0.141410559302300     
   6.00865833333333        1.50366458333333      -0.140333403067785     
   6.00865833333333        1.80399750000000      -0.139379836905606     
   6.00865833333333        2.10433041666667      -0.138323179730961     
   6.00865833333333        2.40466333333333      -0.137074731981288     
   6.00865833333333        2.70499625000000      -0.135554830981618     
   6.00865833333333        3.00532916666667      -0.133713977069038     
   6.00865833333333        3.30566208333333      -0.131562623179881     
   6.00865833333333        3.60599500000000      -0.129163450321438     
   6.00865833333333        3.90632791666667      -0.126666996525154     
   6.00865833333333        4.20666083333333      -0.124057710863699     
   6.00865833333333        4.50699375000000      -0.121377371588088     
   6.00865833333333        4.80732666666667      -0.118704952827871     
   6.00865833333333        5.10765958333333      -0.116134931661547     
   6.00865833333333        5.40799250000000      -0.113723130012109     
   6.00865833333333        5.70832541666667      -0.111477330642941     
   6.00865833333333        6.00865833333333      -0.109362659646542     
   6.00865833333333        6.30899125000000      -0.107333146706651     
   6.00865833333333        6.60932416666667      -0.105329671261100     
   6.00865833333333        6.90965708333333      -0.103337009524058     
   6.00865833333333        7.20999000000000      -0.101310891719433     
   6.30899125000000       2.000000000000000E-003 -0.140279548721416     
   6.30899125000000       0.302332916666667      -0.140367967784539     
   6.30899125000000       0.602665833333333      -0.139126220329224     
   6.30899125000000       0.902998750000000      -0.137731925874368     
   6.30899125000000        1.20333166666667      -0.136486147146612     
   6.30899125000000        1.50366458333333      -0.135328860552349     
   6.30899125000000        1.80399750000000      -0.134252187371489     
   6.30899125000000        2.10433041666667      -0.133180975768321     
   6.30899125000000        2.40466333333333      -0.132016944807053     
   6.30899125000000        2.70499625000000      -0.130657489314055     
   6.30899125000000        3.00532916666667      -0.129004509150022     
   6.30899125000000        3.30566208333333      -0.127042232625361     
   6.30899125000000        3.60599500000000      -0.124868726509327     
   6.30899125000000        3.90632791666667      -0.122686113710890     
   6.30899125000000        4.20666083333333      -0.120321213726030     
   6.30899125000000        4.50699375000000      -0.117833833118680     
   6.30899125000000        4.80732666666667      -0.115352889107032     
   6.30899125000000        5.10765958333333      -0.113018928435002     
   6.30899125000000        5.40799250000000      -0.110901478403180     
   6.30899125000000        5.70832541666667      -0.109024194045042     
   6.30899125000000        6.00865833333333      -0.107333022112153     
   6.30899125000000        6.30899125000000      -0.105687609984048     
   6.30899125000000        6.60932416666667      -0.104043736873324     
   6.30899125000000        6.90965708333333      -0.102341194379298     
   6.30899125000000        7.20999000000000      -0.100556544437740     
   6.60932416666667       2.000000000000000E-003 -0.136007736310990     
   6.60932416666667       0.302332916666667      -0.136469110658386     
   6.60932416666667       0.602665833333333      -0.132741274919161     
   6.60932416666667       0.902998750000000      -0.133160440810909     
   6.60932416666667        1.20333166666667      -0.131815587854484     
   6.60932416666667        1.50366458333333      -0.130576347595321     
   6.60932416666667        1.80399750000000      -0.129421633577479     
   6.60932416666667        2.10433041666667      -0.128380321105119     
   6.60932416666667        2.40466333333333      -0.127334643663039     
   6.60932416666667        2.70499625000000      -0.126174596929977     
   6.60932416666667        3.00532916666667      -0.124769715199968     
   6.60932416666667        3.30566208333333      -0.123047879986282     
   6.60932416666667        3.60599500000000      -0.121188055473372     
   6.60932416666667        3.90632791666667      -0.119382563129714     
   6.60932416666667        4.20666083333333      -0.117228516404292     
   6.60932416666667        4.50699375000000      -0.114773502190602     
   6.60932416666667        4.80732666666667      -0.112340010457600     
   6.60932416666667        5.10765958333333      -0.110143192349959     
   6.60932416666667        5.40799250000000      -0.108227425260487     
   6.60932416666667        5.70832541666667      -0.106661825594145     
   6.60932416666667        6.00865833333333      -0.105329788428132     
   6.60932416666667        6.30899125000000      -0.104043615930325     
   6.60932416666667        6.60932416666667      -0.102607788959814     
   6.60932416666667        6.90965708333333      -0.101138698359786     
   6.60932416666667        7.20999000000000      -9.971900639703149E-002
   6.90965708333333       2.000000000000000E-003 -0.132850057967144     
   6.90965708333333       0.302332916666667      -0.129752462082458     
   6.90965708333333       0.602665833333333      -0.129226284329450     
   6.90965708333333       0.902998750000000      -0.128182787488462     
   6.90965708333333        1.20333166666667      -0.127135990681746     
   6.90965708333333        1.50366458333333      -0.125990504983164     
   6.90965708333333        1.80399750000000      -0.124878570051108     
   6.90965708333333        2.10433041666667      -0.123925461485115     
   6.90965708333333        2.40466333333333      -0.123059785938754     
   6.90965708333333        2.70499625000000      -0.122237691436338     
   6.90965708333333        3.00532916666667      -0.121305556645266     
   6.90965708333333        3.30566208333333      -0.120098843427405     
   6.90965708333333        3.60599500000000      -0.118707959127363     
   6.90965708333333        3.90632791666667      -0.117072955732435     
   6.90965708333333        4.20666083333333      -0.114929461545193     
   6.90965708333333        4.50699375000000      -0.112252565021592     
   6.90965708333333        4.80732666666667      -0.109670638276761     
   6.90965708333333        5.10765958333333      -0.107505601142836     
   6.90965708333333        5.40799250000000      -0.105725402826875     
   6.90965708333333        5.70832541666667      -0.104390347786720     
   6.90965708333333        6.00865833333333      -0.103337080634410     
   6.90965708333333        6.30899125000000      -0.102341095709798     
   6.90965708333333        6.60932416666667      -0.101138581302318     
   6.90965708333333        6.90965708333333      -9.985284558198174E-002
   6.90965708333333        7.20999000000000      -9.880978585181074E-002
   7.20999000000000       2.000000000000000E-003 -0.128411065257124     
   7.20999000000000       0.302332916666667      -0.126540241524140     
   7.20999000000000       0.602665833333333      -0.122935448602751     
   7.20999000000000       0.902998750000000      -0.122843261817140     
   7.20999000000000        1.20333166666667      -0.122713926881427     
   7.20999000000000        1.50366458333333      -0.122057235709062     
   7.20999000000000        1.80399750000000      -0.120698960161119     
   7.20999000000000        2.10433041666667      -0.119821320598870     
   7.20999000000000        2.40466333333333      -0.119201284326606     
   7.20999000000000        2.70499625000000      -0.118784294824938     
   7.20999000000000        3.00532916666667      -0.118448844912077     
   7.20999000000000        3.30566208333333      -0.117829348378831     
   7.20999000000000        3.60599500000000      -0.116857496531926     
   7.20999000000000        3.90632791666667      -0.115041377411314     
   7.20999000000000        4.20666083333333      -0.112812883274384     
   7.20999000000000        4.50699375000000      -0.109897127625943     
   7.20999000000000        4.80732666666667      -0.107191763644515     
   7.20999000000000        5.10765958333333      -0.105053454829875     
   7.20999000000000        5.40799250000000      -0.103412105771115     
   7.20999000000000        5.70832541666667      -0.102255242706667     
   7.20999000000000        6.00865833333333      -0.101330083658392     
   7.20999000000000        6.30899125000000      -0.100561430582595     
   7.20999000000000        6.60932416666667      -9.971932383940782E-002
   7.20999000000000        6.90965708333333      -9.880938171141085E-002
   7.20999000000000        7.20999000000000      -9.734594820800654E-002
