  2.000000000000000E-003  2.000000000000000E-003 -0.210062488063155     
  2.000000000000000E-003  0.302332916666667      -0.211470428876661     
  2.000000000000000E-003  0.602665833333333      -0.211344171007721     
  2.000000000000000E-003  0.902998750000000      -0.213577965871864     
  2.000000000000000E-003   1.20333166666667      -0.215135353117493     
  2.000000000000000E-003   1.50366458333333      -0.215703082439989     
  2.000000000000000E-003   1.80399750000000      -0.215404410511423     
  2.000000000000000E-003   2.10433041666667      -0.214901400321981     
  2.000000000000000E-003   2.40466333333333      -0.214182175642209     
  2.000000000000000E-003   2.70499625000000      -0.213425531757907     
  2.000000000000000E-003   3.00532916666667      -0.212670408625278     
  2.000000000000000E-003   3.30566208333333      -0.211599716050017     
  2.000000000000000E-003   3.60599500000000      -0.209047975446783     
  2.000000000000000E-003   3.90632791666667      -0.202216020043680     
  2.000000000000000E-003   4.20666083333333      -0.194164131717792     
  2.000000000000000E-003   4.50699375000000      -0.183660018266469     
  2.000000000000000E-003   4.80732666666667      -0.173877668521224     
  2.000000000000000E-003   5.10765958333333      -0.166098546973894     
  2.000000000000000E-003   5.40799250000000      -0.160096570735103     
  2.000000000000000E-003   5.70832541666667      -0.155937456641085     
  2.000000000000000E-003   6.00865833333333      -0.152722123477749     
  2.000000000000000E-003   6.30899125000000      -0.149605323643665     
  2.000000000000000E-003   6.60932416666667      -0.145998601759334     
  2.000000000000000E-003   6.90965708333333      -0.142485784819310     
  2.000000000000000E-003   7.20999000000000      -0.138339563249829     
  0.302332916666667       2.000000000000000E-003 -0.220278498843019     
  0.302332916666667       0.302332916666667      -0.219801527384166     
  0.302332916666667       0.602665833333333      -0.223645706572731     
  0.302332916666667       0.902998750000000      -0.229249630769718     
  0.302332916666667        1.20333166666667      -0.232219136132163     
  0.302332916666667        1.50366458333333      -0.233218093930481     
  0.302332916666667        1.80399750000000      -0.233098705737757     
  0.302332916666667        2.10433041666667      -0.232452567654965     
  0.302332916666667        2.40466333333333      -0.231142789677277     
  0.302332916666667        2.70499625000000      -0.228807577630782     
  0.302332916666667        3.00532916666667      -0.225146034395189     
  0.302332916666667        3.30566208333333      -0.220548205138939     
  0.302332916666667        3.60599500000000      -0.216239913742104     
  0.302332916666667        3.90632791666667      -0.210438189738146     
  0.302332916666667        4.20666083333333      -0.202067113870760     
  0.302332916666667        4.50699375000000      -0.191828078546392     
  0.302332916666667        4.80732666666667      -0.182135249266474     
  0.302332916666667        5.10765958333333      -0.174030241660591     
  0.302332916666667        5.40799250000000      -0.167385572100841     
  0.302332916666667        5.70832541666667      -0.162282622059117     
  0.302332916666667        6.00865833333333      -0.158062484557439     
  0.302332916666667        6.30899125000000      -0.153898744100081     
  0.302332916666667        6.60932416666667      -0.149027428699454     
  0.302332916666667        6.90965708333333      -0.144271813055676     
  0.302332916666667        7.20999000000000      -0.140708403144955     
  0.602665833333333       2.000000000000000E-003 -0.230413428839274     
  0.602665833333333       0.302332916666667      -0.236365443667701     
  0.602665833333333       0.602665833333333      -0.242318163132284     
  0.602665833333333       0.902998750000000      -0.247773586277086     
  0.602665833333333        1.20333166666667      -0.251251181122400     
  0.602665833333333        1.50366458333333      -0.252889349392647     
  0.602665833333333        1.80399750000000      -0.253195997987526     
  0.602665833333333        2.10433041666667      -0.252613907520968     
  0.602665833333333        2.40466333333333      -0.250955031545653     
  0.602665833333333        2.70499625000000      -0.247610714876621     
  0.602665833333333        3.00532916666667      -0.242061401561425     
  0.602665833333333        3.30566208333333      -0.234645991379712     
  0.602665833333333        3.60599500000000      -0.226880082970335     
  0.602665833333333        3.90632791666667      -0.219057357224951     
  0.602665833333333        4.20666083333333      -0.209969043154876     
  0.602665833333333        4.50699375000000      -0.199950261265963     
  0.602665833333333        4.80732666666667      -0.190516256008148     
  0.602665833333333        5.10765958333333      -0.182120736250399     
  0.602665833333333        5.40799250000000      -0.174847577895109     
  0.602665833333333        5.70832541666667      -0.168794657374437     
  0.602665833333333        6.00865833333333      -0.163441065702715     
  0.602665833333333        6.30899125000000      -0.158172390289038     
  0.602665833333333        6.60932416666667      -0.152560273602793     
  0.602665833333333        6.90965708333333      -0.147032019035271     
  0.602665833333333        7.20999000000000      -0.141932500426789     
  0.902998750000000       2.000000000000000E-003 -0.241863811044649     
  0.902998750000000       0.302332916666667      -0.251751115837106     
  0.902998750000000       0.602665833333333      -0.259822618824793     
  0.902998750000000       0.902998750000000      -0.266550717630928     
  0.902998750000000        1.20333166666667      -0.271100568874731     
  0.902998750000000        1.50366458333333      -0.273990691585258     
  0.902998750000000        1.80399750000000      -0.275182675535183     
  0.902998750000000        2.10433041666667      -0.275050565003468     
  0.902998750000000        2.40466333333333      -0.273223303722444     
  0.902998750000000        2.70499625000000      -0.269185317206160     
  0.902998750000000        3.00532916666667      -0.262611570913525     
  0.902998750000000        3.30566208333333      -0.253617539297230     
  0.902998750000000        3.60599500000000      -0.243139195549094     
  0.902998750000000        3.90632791666667      -0.232042926765784     
  0.902998750000000        4.20666083333333      -0.220673408395024     
  0.902998750000000        4.50699375000000      -0.209635516861222     
  0.902998750000000        4.80732666666667      -0.199543242962511     
  0.902998750000000        5.10765958333333      -0.190482117197854     
  0.902998750000000        5.40799250000000      -0.182401433758937     
  0.902998750000000        5.70832541666667      -0.175246078937023     
  0.902998750000000        6.00865833333333      -0.168640803570745     
  0.902998750000000        6.30899125000000      -0.162234044154070     
  0.902998750000000        6.60932416666667      -0.155848636633741     
  0.902998750000000        6.90965708333333      -0.149641878701875     
  0.902998750000000        7.20999000000000      -0.143536500614102     
   1.20333166666667       2.000000000000000E-003 -0.251517475627603     
   1.20333166666667       0.302332916666667      -0.263880051540276     
   1.20333166666667       0.602665833333333      -0.274959950455006     
   1.20333166666667       0.902998750000000      -0.284354523035024     
   1.20333166666667        1.20333166666667      -0.291987669987398     
   1.20333166666667        1.50366458333333      -0.296740139902481     
   1.20333166666667        1.80399750000000      -0.299301068520040     
   1.20333166666667        2.10433041666667      -0.299680470121709     
   1.20333166666667        2.40466333333333      -0.297445434636323     
   1.20333166666667        2.70499625000000      -0.292383003892757     
   1.20333166666667        3.00532916666667      -0.284471728346323     
   1.20333166666667        3.30566208333333      -0.273913800956881     
   1.20333166666667        3.60599500000000      -0.261240841950364     
   1.20333166666667        3.90632791666667      -0.247410111073788     
   1.20333166666667        4.20666083333333      -0.233567193104147     
   1.20333166666667        4.50699375000000      -0.220697593144997     
   1.20333166666667        4.80732666666667      -0.209238784232837     
   1.20333166666667        5.10765958333333      -0.199106675292370     
   1.20333166666667        5.40799250000000      -0.189959686868776     
   1.20333166666667        5.70832541666667      -0.181539310596702     
   1.20333166666667        6.00865833333333      -0.173602278392946     
   1.20333166666667        6.30899125000000      -0.165898025255991     
   1.20333166666667        6.60932416666667      -0.158549962774312     
   1.20333166666667        6.90965708333333      -0.151642583456789     
   1.20333166666667        7.20999000000000      -0.144913650732186     
   1.50366458333333       2.000000000000000E-003 -0.261413365823989     
   1.50366458333333       0.302332916666667      -0.276525962476041     
   1.50366458333333       0.602665833333333      -0.291041982068448     
   1.50366458333333       0.902998750000000      -0.304287450271578     
   1.50366458333333        1.20333166666667      -0.315271754180114     
   1.50366458333333        1.50366458333333      -0.322945595002975     
   1.50366458333333        1.80399750000000      -0.326987003420124     
   1.50366458333333        2.10433041666667      -0.327148494014883     
   1.50366458333333        2.40466333333333      -0.323575279164607     
   1.50366458333333        2.70499625000000      -0.316673823168247     
   1.50366458333333        3.00532916666667      -0.306804549109490     
   1.50366458333333        3.30566208333333      -0.294257198990148     
   1.50366458333333        3.60599500000000      -0.279507860555047     
   1.50366458333333        3.90632791666667      -0.263467135560378     
   1.50366458333333        4.20666083333333      -0.247400260771576     
   1.50366458333333        4.50699375000000      -0.232482123565461     
   1.50366458333333        4.80732666666667      -0.219321745735247     
   1.50366458333333        5.10765958333333      -0.207817087329901     
   1.50366458333333        5.40799250000000      -0.197429091832240     
   1.50366458333333        5.70832541666667      -0.187651945527481     
   1.50366458333333        6.00865833333333      -0.178294995204262     
   1.50366458333333        6.30899125000000      -0.169344743538217     
   1.50366458333333        6.60932416666667      -0.161003060730598     
   1.50366458333333        6.90965708333333      -0.153430556045947     
   1.50366458333333        7.20999000000000      -0.146415407878453     
   1.80399750000000       2.000000000000000E-003 -0.275110850552282     
   1.80399750000000       0.302332916666667      -0.293472832272325     
   1.80399750000000       0.602665833333333      -0.312021303203845     
   1.80399750000000       0.902998750000000      -0.329847409328933     
   1.80399750000000        1.20333166666667      -0.345011371950459     
   1.80399750000000        1.50366458333333      -0.355570771078598     
   1.80399750000000        1.80399750000000      -0.360197896707542     
   1.80399750000000        2.10433041666667      -0.358739006053591     
   1.80399750000000        2.40466333333333      -0.352181637611081     
   1.80399750000000        2.70499625000000      -0.341952955611344     
   1.80399750000000        3.00532916666667      -0.329133160289124     
   1.80399750000000        3.30566208333333      -0.314203039759801     
   1.80399750000000        3.60599500000000      -0.297427551387901     
   1.80399750000000        3.90632791666667      -0.279414099856385     
   1.80399750000000        4.20666083333333      -0.261287813112063     
   1.80399750000000        4.50699375000000      -0.244320476687842     
   1.80399750000000        4.80732666666667      -0.229321348091193     
   1.80399750000000        5.10765958333333      -0.216289854557715     
   1.80399750000000        5.40799250000000      -0.204604567980417     
   1.80399750000000        5.70832541666667      -0.193576541186935     
   1.80399750000000        6.00865833333333      -0.182917875083247     
   1.80399750000000        6.30899125000000      -0.172793933585540     
   1.80399750000000        6.60932416666667      -0.163537624292888     
   1.80399750000000        6.90965708333333      -0.155371953949953     
   1.80399750000000        7.20999000000000      -0.148223741546610     
   2.10433041666667       2.000000000000000E-003 -0.295589833850860     
   2.10433041666667       0.302332916666667      -0.317788370595178     
   2.10433041666667       0.602665833333333      -0.341169466740344     
   2.10433041666667       0.902998750000000      -0.364098736804963     
   2.10433041666667        1.20333166666667      -0.383587078471900     
   2.10433041666667        1.50366458333333      -0.396404614233175     
   2.10433041666667        1.80399750000000      -0.400396499891615     
   2.10433041666667        2.10433041666667      -0.395556306270158     
   2.10433041666667        2.40466333333333      -0.383942581903132     
   2.10433041666667        2.70499625000000      -0.368421390969961     
   2.10433041666667        3.00532916666667      -0.351182452382283     
   2.10433041666667        3.30566208333333      -0.333077147435156     
   2.10433041666667        3.60599500000000      -0.314083776557019     
   2.10433041666667        3.90632791666667      -0.294263828583499     
   2.10433041666667        4.20666083333333      -0.274334737155954     
   2.10433041666667        4.50699375000000      -0.255489519387386     
   2.10433041666667        4.80732666666667      -0.238700638024703     
   2.10433041666667        5.10765958333333      -0.224139355661394     
   2.10433041666667        5.40799250000000      -0.211203864831956     
   2.10433041666667        5.70832541666667      -0.199090040431114     
   2.10433041666667        6.00865833333333      -0.187404278432332     
   2.10433041666667        6.30899125000000      -0.176343839643962     
   2.10433041666667        6.60932416666667      -0.166375345246852     
   2.10433041666667        6.90965708333333      -0.157756239742364     
   2.10433041666667        7.20999000000000      -0.150300528166127     
   2.40466333333333       2.000000000000000E-003 -0.323418018158308     
   2.40466333333333       0.302332916666667      -0.350611873732880     
   2.40466333333333       0.602665833333333      -0.380101696266548     
   2.40466333333333       0.902998750000000      -0.408248285471125     
   2.40466333333333        1.20333166666667      -0.431209938753095     
   2.40466333333333        1.50366458333333      -0.445123889397265     
   2.40466333333333        1.80399750000000      -0.447100009716633     
   2.40466333333333        2.10433041666667      -0.437181986195876     
   2.40466333333333        2.40466333333333      -0.418577688903444     
   2.40466333333333        2.70499625000000      -0.395869011731368     
   2.40466333333333        3.00532916666667      -0.372682010305795     
   2.40466333333333        3.30566208333333      -0.350448741437188     
   2.40466333333333        3.60599500000000      -0.328870314424797     
   2.40466333333333        3.90632791666667      -0.307302363259613     
   2.40466333333333        4.20666083333333      -0.285826611242522     
   2.40466333333333        4.50699375000000      -0.265369112661056     
   2.40466333333333        4.80732666666667      -0.246977750456202     
   2.40466333333333        5.10765958333333      -0.231010097255362     
   2.40466333333333        5.40799250000000      -0.216953236876236     
   2.40466333333333        5.70832541666667      -0.203946425019112     
   2.40466333333333        6.00865833333333      -0.191495210066086     
   2.40466333333333        6.30899125000000      -0.179776715615659     
   2.40466333333333        6.60932416666667      -0.169335928914182     
   2.40466333333333        6.90965708333333      -0.160471361290149     
   2.40466333333333        7.20999000000000      -0.152856181008355     
   2.70499625000000       2.000000000000000E-003 -0.361848040029706     
   2.70499625000000       0.302332916666667      -0.394552089187598     
   2.70499625000000       0.602665833333333      -0.431012203277938     
   2.70499625000000       0.902998750000000      -0.463248226511076     
   2.70499625000000        1.20333166666667      -0.485764396756280     
   2.70499625000000        1.50366458333333      -0.498225549660296     
   2.70499625000000        1.80399750000000      -0.496659889315139     
   2.70499625000000        2.10433041666667      -0.480513011688546     
   2.70499625000000        2.40466333333333      -0.453823410564466     
   2.70499625000000        2.70499625000000      -0.422851300684828     
   2.70499625000000        3.00532916666667      -0.392783639686666     
   2.70499625000000        3.30566208333333      -0.365792731502528     
   2.70499625000000        3.60599500000000      -0.341362279683280     
   2.70499625000000        3.90632791666667      -0.318078960595616     
   2.70499625000000        4.20666083333333      -0.295280244432955     
   2.70499625000000        4.50699375000000      -0.273506603020016     
   2.70499625000000        4.80732666666667      -0.253784031182252     
   2.70499625000000        5.10765958333333      -0.236624515589524     
   2.70499625000000        5.40799250000000      -0.221632982426760     
   2.70499625000000        5.70832541666667      -0.207933984569482     
   2.70499625000000        6.00865833333333      -0.194946191839126     
   2.70499625000000        6.30899125000000      -0.182815168735695     
   2.70499625000000        6.60932416666667      -0.172187122104483     
   2.70499625000000        6.90965708333333      -0.163440420734024     
   2.70499625000000        7.20999000000000      -0.156032464747920     
   3.00532916666667       2.000000000000000E-003 -0.407291407056141     
   3.00532916666667       0.302332916666667      -0.445830713113716     
   3.00532916666667       0.602665833333333      -0.488593415108955     
   3.00532916666667       0.902998750000000      -0.524993971799098     
   3.00532916666667        1.20333166666667      -0.541881997408510     
   3.00532916666667        1.50366458333333      -0.548518646741299     
   3.00532916666667        1.80399750000000      -0.542102535491184     
   3.00532916666667        2.10433041666667      -0.519644169103858     
   3.00532916666667        2.40466333333333      -0.485234582631385     
   3.00532916666667        2.70499625000000      -0.446421246651670     
   3.00532916666667        3.00532916666667      -0.409788091473422     
   3.00532916666667        3.30566208333333      -0.378252758771652     
   3.00532916666667        3.60599500000000      -0.351130243321805     
   3.00532916666667        3.90632791666667      -0.326283474591875     
   3.00532916666667        4.20666083333333      -0.302377879331051     
   3.00532916666667        4.50699375000000      -0.279585896706199     
   3.00532916666667        4.80732666666667      -0.258850643588854     
   3.00532916666667        5.10765958333333      -0.240779382981597     
   3.00532916666667        5.40799250000000      -0.225081754573178     
   3.00532916666667        5.70832541666667      -0.210883675039079     
   3.00532916666667        6.00865833333333      -0.197519529052281     
   3.00532916666667        6.30899125000000      -0.185098810764898     
   3.00532916666667        6.60932416666667      -0.174403805614178     
   3.00532916666667        6.90965708333333      -0.166061110937157     
   3.00532916666667        7.20999000000000      -0.159286161055351     
   3.30566208333333       2.000000000000000E-003 -0.444587151031697     
   3.30566208333333       0.302332916666667      -0.489846784311632     
   3.30566208333333       0.602665833333333      -0.537594581340672     
   3.30566208333333       0.902998750000000      -0.575435722984061     
   3.30566208333333        1.20333166666667      -0.588292013501881     
   3.30566208333333        1.50366458333333      -0.585786967443897     
   3.30566208333333        1.80399750000000      -0.574591941449816     
   3.30566208333333        2.10433041666667      -0.547272290698109     
   3.30566208333333        2.40466333333333      -0.507244005887701     
   3.30566208333333        2.70499625000000      -0.462775513908712     
   3.30566208333333        3.00532916666667      -0.421413519611994     
   3.30566208333333        3.30566208333333      -0.386625296323325     
   3.30566208333333        3.60599500000000      -0.357575645198624     
   3.30566208333333        3.90632791666667      -0.331564700572246     
   3.30566208333333        4.20666083333333      -0.306842017978076     
   3.30566208333333        4.50699375000000      -0.283360504060762     
   3.30566208333333        4.80732666666667      -0.261975758367774     
   3.30566208333333        5.10765958333333      -0.243328980201436     
   3.30566208333333        5.40799250000000      -0.227190056963206     
   3.30566208333333        5.70832541666667      -0.212681882012852     
   3.30566208333333        6.00865833333333      -0.199043517973896     
   3.30566208333333        6.30899125000000      -0.186383005205120     
   3.30566208333333        6.60932416666667      -0.175476213541613     
   3.30566208333333        6.90965708333333      -0.167462471035274     
   3.30566208333333        7.20999000000000      -0.161274497633533     
   3.60599500000000       2.000000000000000E-003 -0.457331575789373     
   3.60599500000000       0.302332916666667      -0.507661077751554     
   3.60599500000000       0.602665833333333      -0.557297704797780     
   3.60599500000000       0.902998750000000      -0.595195982353259     
   3.60599500000000        1.20333166666667      -0.606584031989849     
   3.60599500000000        1.50366458333333      -0.599744848878983     
   3.60599500000000        1.80399750000000      -0.586451677464254     
   3.60599500000000        2.10433041666667      -0.557279876096671     
   3.60599500000000        2.40466333333333      -0.515186680121035     
   3.60599500000000        2.70499625000000      -0.468655651779808     
   3.60599500000000        3.00532916666667      -0.425577691843042     
   3.60599500000000        3.30566208333333      -0.389623721847297     
   3.60599500000000        3.60599500000000      -0.359884258606738     
   3.60599500000000        3.90632791666667      -0.333425295763454     
   3.60599500000000        4.20666083333333      -0.308380103549071     
   3.60599500000000        4.50699375000000      -0.284643461964806     
   3.60599500000000        4.80732666666667      -0.263031372709893     
   3.60599500000000        5.10765958333333      -0.244187661513356     
   3.60599500000000        5.40799250000000      -0.227898656686156     
   3.60599500000000        5.70832541666667      -0.213283186855042     
   3.60599500000000        6.00865833333333      -0.199538232028231     
   3.60599500000000        6.30899125000000      -0.186759813239377     
   3.60599500000000        6.60932416666667      -0.175678250030484     
   3.60599500000000        6.90965708333333      -0.167847172250667     
   3.60599500000000        7.20999000000000      -0.162338563043699     
   3.90632791666667       2.000000000000000E-003 -0.444577247188416     
   3.90632791666667       0.302332916666667      -0.489827628875884     
   3.90632791666667       0.602665833333333      -0.537578437820698     
   3.90632791666667       0.902998750000000      -0.575427066504834     
   3.90632791666667        1.20333166666667      -0.588289867729537     
   3.90632791666667        1.50366458333333      -0.585788341641149     
   3.90632791666667        1.80399750000000      -0.574594923152978     
   3.90632791666667        2.10433041666667      -0.547275932768972     
   3.90632791666667        2.40466333333333      -0.507247680238741     
   3.90632791666667        2.70499625000000      -0.462778907782228     
   3.90632791666667        3.00532916666667      -0.421416546556557     
   3.90632791666667        3.30566208333333      -0.386628065450145     
   3.90632791666667        3.60599500000000      -0.357578177531943     
   3.90632791666667        3.90632791666667      -0.331566994975562     
   3.90632791666667        4.20666083333333      -0.306844002398676     
   3.90632791666667        4.50699375000000      -0.283362026182017     
   3.90632791666667        4.80732666666667      -0.261976801290913     
   3.90632791666667        5.10765958333333      -0.243329626553318     
   3.90632791666667        5.40799250000000      -0.227190559202587     
   3.90632791666667        5.70832541666667      -0.212682569023848     
   3.90632791666667        6.00865833333333      -0.199044837147142     
   3.90632791666667        6.30899125000000      -0.186385622375502     
   3.90632791666667        6.60932416666667      -0.175480516896890     
   3.90632791666667        6.90965708333333      -0.167467005109478     
   3.90632791666667        7.20999000000000      -0.161272963578164     
   4.20666083333333       2.000000000000000E-003 -0.407275696633098     
   4.20666083333333       0.302332916666667      -0.445807879190913     
   4.20666083333333       0.602665833333333      -0.488574327378620     
   4.20666083333333       0.902998750000000      -0.524984635949022     
   4.20666083333333        1.20333166666667      -0.541881863742138     
   4.20666083333333        1.50366458333333      -0.548523702114993     
   4.20666083333333        1.80399750000000      -0.542110208939540     
   4.20666083333333        2.10433041666667      -0.519652811784073     
   4.20666083333333        2.40466333333333      -0.485243021398337     
   4.20666083333333        2.70499625000000      -0.446428857851052     
   4.20666083333333        3.00532916666667      -0.409794674151579     
   4.20666083333333        3.30566208333333      -0.378258514100393     
   4.20666083333333        3.60599500000000      -0.351135381326360     
   4.20666083333333        3.90632791666667      -0.326288074955545     
   4.20666083333333        4.20666083333333      -0.302381806752030     
   4.20666083333333        4.50699375000000      -0.279588953105635     
   4.20666083333333        4.80732666666667      -0.258852742490873     
   4.20666083333333        5.10765958333333      -0.240780739777473     
   4.20666083333333        5.40799250000000      -0.225082802343834     
   4.20666083333333        5.70832541666667      -0.210884991314660     
   4.20666083333333        6.00865833333333      -0.197521765393654     
   4.20666083333333        6.30899125000000      -0.185102671226396     
   4.20666083333333        6.60932416666667      -0.174409134260071     
   4.20666083333333        6.90965708333333      -0.166065264922678     
   4.20666083333333        7.20999000000000      -0.159284267392022     
   4.50699375000000       2.000000000000000E-003 -0.361836249125178     
   4.50699375000000       0.302332916666667      -0.394537000493288     
   4.50699375000000       0.602665833333333      -0.431001139157707     
   4.50699375000000       0.902998750000000      -0.463246290054626     
   4.50699375000000        1.20333166666667      -0.485770612006339     
   4.50699375000000        1.50366458333333      -0.498237170647191     
   4.50699375000000        1.80399750000000      -0.496674499484480     
   4.50699375000000        2.10433041666667      -0.480528486788106     
   4.50699375000000        2.40466333333333      -0.453838093783453     
   4.50699375000000        2.70499625000000      -0.422864202837322     
   4.50699375000000        3.00532916666667      -0.392794527190424     
   4.50699375000000        3.30566208333333      -0.365801948620055     
   4.50699375000000        3.60599500000000      -0.341370216729469     
   4.50699375000000        3.90632791666667      -0.318085882298951     
   4.50699375000000        4.20666083333333      -0.295286117357688     
   4.50699375000000        4.50699375000000      -0.273511226669494     
   4.50699375000000        4.80732666666667      -0.253787353971059     
   4.50699375000000        5.10765958333333      -0.236626779597885     
   4.50699375000000        5.40799250000000      -0.221634742677942     
   4.50699375000000        5.70832541666667      -0.207935997846088     
   4.50699375000000        6.00865833333333      -0.194949138609630     
   4.50699375000000        6.30899125000000      -0.182819453115206     
   4.50699375000000        6.60932416666667      -0.172192341824434     
   4.50699375000000        6.90965708333333      -0.163444411809966     
   4.50699375000000        7.20999000000000      -0.156032570621228     
   4.80732666666667       2.000000000000000E-003 -0.323413679004676     
   4.80732666666667       0.302332916666667      -0.350607654152270     
   4.80732666666667       0.602665833333333      -0.380102193506617     
   4.80732666666667       0.902998750000000      -0.408255866620134     
   4.80732666666667        1.20333166666667      -0.431224413159550     
   4.80732666666667        1.50366458333333      -0.445143644015064     
   4.80732666666667        1.80399750000000      -0.447122767821786     
   4.80732666666667        2.10433041666667      -0.437205271224179     
   4.80732666666667        2.40466333333333      -0.418599390823389     
   4.80732666666667        2.70499625000000      -0.395887859569777     
   4.80732666666667        3.00532916666667      -0.372697685386526     
   4.80732666666667        3.30566208333333      -0.350461648488576     
   4.80732666666667        3.60599500000000      -0.328881201868448     
   4.80732666666667        3.90632791666667      -0.307311704329695     
   4.80732666666667        4.20666083333333      -0.285834583761376     
   4.80732666666667        4.50699375000000      -0.265375590830397     
   4.80732666666667        4.80732666666667      -0.246982647270720     
   4.80732666666667        5.10765958333333      -0.231013651969754     
   4.80732666666667        5.40799250000000      -0.216956090222287     
   4.80732666666667        5.70832541666667      -0.203949412855007     
   4.80732666666667        6.00865833333333      -0.191499078536057     
   4.80732666666667        6.30899125000000      -0.179781718821149     
   4.80732666666667        6.60932416666667      -0.169341489223691     
   4.80732666666667        6.90965708333333      -0.160476069505378     
   4.80732666666667        7.20999000000000      -0.152858632812199     
   5.10765958333333       2.000000000000000E-003 -0.295591926271269     
   5.10765958333333       0.302332916666667      -0.317792513483708     
   5.10765958333333       0.602665833333333      -0.341178462547632     
   5.10765958333333       0.902998750000000      -0.364114215514069     
   5.10765958333333        1.20333166666667      -0.383609083462462     
   5.10765958333333        1.50366458333333      -0.396431809689953     
   5.10765958333333        1.80399750000000      -0.400426596553247     
   5.10765958333333        2.10433041666667      -0.395586600648594     
   5.10765958333333        2.40466333333333      -0.383970676322954     
   5.10765958333333        2.70499625000000      -0.368445725598373     
   5.10765958333333        3.00532916666667      -0.351202598737310     
   5.10765958333333        3.30566208333333      -0.333093656887105     
   5.10765958333333        3.60599500000000      -0.314097588975405     
   5.10765958333333        3.90632791666667      -0.294275725315891     
   5.10765958333333        4.20666083333333      -0.274345076364845     
   5.10765958333333        4.50699375000000      -0.255498233906160     
   5.10765958333333        4.80732666666667      -0.238707591961287     
   5.10765958333333        5.10765958333333      -0.224144731243774     
   5.10765958333333        5.40799250000000      -0.211208248403214     
   5.10765958333333        5.70832541666667      -0.199094328785323     
   5.10765958333333        6.00865833333333      -0.187409394474220     
   5.10765958333333        6.30899125000000      -0.176350282086721     
   5.10765958333333        6.60932416666667      -0.166382286935432     
   5.10765958333333        6.90965708333333      -0.157761870106150     
   5.10765958333333        7.20999000000000      -0.150303201002134     
   5.40799250000000       2.000000000000000E-003 -0.275119080585507     
   5.40799250000000       0.302332916666667      -0.293481050651639     
   5.40799250000000       0.602665833333333      -0.312035123412628     
   5.40799250000000       0.902998750000000      -0.329867956167858     
   5.40799250000000        1.20333166666667      -0.345038434180909     
   5.40799250000000        1.50366458333333      -0.355602864400160     
   5.40799250000000        1.80399750000000      -0.360232586845987     
   5.40799250000000        2.10433041666667      -0.358773705639921     
   5.40799250000000        2.40466333333333      -0.352213905066458     
   5.40799250000000        2.70499625000000      -0.341981101046110     
   5.40799250000000        3.00532916666667      -0.329156650619549     
   5.40799250000000        3.30566208333333      -0.314222420868085     
   5.40799250000000        3.60599500000000      -0.297443942672858     
   5.40799250000000        3.90632791666667      -0.279428507772310     
   5.40799250000000        4.20666083333333      -0.261300742614946     
   5.40799250000000        4.50699375000000      -0.244331796614050     
   5.40799250000000        4.80732666666667      -0.229330831963804     
   5.40799250000000        5.10765958333333      -0.216297488003779     
   5.40799250000000        5.40799250000000      -0.204610766424042     
   5.40799250000000        5.70832541666667      -0.193582134155311     
   5.40799250000000        6.00865833333333      -0.182924079061888     
   5.40799250000000        6.30899125000000      -0.172802126553777     
   5.40799250000000        6.60932416666667      -0.163546705367128     
   5.40799250000000        6.90965708333333      -0.155378574280951     
   5.40799250000000        7.20999000000000      -0.148212917429371     
   5.70832541666667       2.000000000000000E-003 -0.261432934022175     
   5.70832541666667       0.302332916666667      -0.276535616996614     
   5.70832541666667       0.602665833333333      -0.291058050618501     
   5.70832541666667       0.902998750000000      -0.304310079760096     
   5.70832541666667        1.20333166666667      -0.315301738553376     
   5.70832541666667        1.50366458333333      -0.322979873231335     
   5.70832541666667        1.80399750000000      -0.327022463585230     
   5.70832541666667        2.10433041666667      -0.327183802065402     
   5.70832541666667        2.40466333333333      -0.323608372146748     
   5.70832541666667        2.70499625000000      -0.316703124515933     
   5.70832541666667        3.00532916666667      -0.306829503336296     
   5.70832541666667        3.30566208333333      -0.294278103327773     
   5.70832541666667        3.60599500000000      -0.279526131191851     
   5.70832541666667        3.90632791666667      -0.263483564861005     
   5.70832541666667        4.20666083333333      -0.247415788047976     
   5.70832541666667        4.50699375000000      -0.232496193115192     
   5.70832541666667        4.80732666666667      -0.219333910013995     
   5.70832541666667        5.10765958333333      -0.207827081655548     
   5.70832541666667        5.40799250000000      -0.197437006209957     
   5.70832541666667        5.70832541666667      -0.187658015233408     
   5.70832541666667        6.00865833333333      -0.178300898698106     
   5.70832541666667        6.30899125000000      -0.169352241814620     
   5.70832541666667        6.60932416666667      -0.161012331676087     
   5.70832541666667        6.90965708333333      -0.153437431910506     
   5.70832541666667        7.20999000000000      -0.146402392034841     
   6.00865833333333       2.000000000000000E-003 -0.251529339263508     
   6.00865833333333       0.302332916666667      -0.263889739455914     
   6.00865833333333       0.602665833333333      -0.274976148716476     
   6.00865833333333       0.902998750000000      -0.284377654474849     
   6.00865833333333        1.20333166666667      -0.292030988823880     
   6.00865833333333        1.50366458333333      -0.296772147166433     
   6.00865833333333        1.80399750000000      -0.299333204698938     
   6.00865833333333        2.10433041666667      -0.299712375882287     
   6.00865833333333        2.40466333333333      -0.297475755314223     
   6.00865833333333        2.70499625000000      -0.292410583583705     
   6.00865833333333        3.00532916666667      -0.284496098382737     
   6.00865833333333        3.30566208333333      -0.273933423541207     
   6.00865833333333        3.60599500000000      -0.261289773214019     
   6.00865833333333        3.90632791666667      -0.247425846276194     
   6.00865833333333        4.20666083333333      -0.233585301507802     
   6.00865833333333        4.50699375000000      -0.220714191745075     
   6.00865833333333        4.80732666666667      -0.209253388208938     
   6.00865833333333        5.10765958333333      -0.199118701363565     
   6.00865833333333        5.40799250000000      -0.189968880770851     
   6.00865833333333        5.70832541666667      -0.181545613637236     
   6.00865833333333        6.00865833333333      -0.173610295383611     
   6.00865833333333        6.30899125000000      -0.165902952793011     
   6.00865833333333        6.60932416666667      -0.158556224327815     
   6.00865833333333        6.90965708333333      -0.151648400047674     
   6.00865833333333        7.20999000000000      -0.144921169861319     
   6.30899125000000       2.000000000000000E-003 -0.241869659124131     
   6.30899125000000       0.302332916666667      -0.251761031665888     
   6.30899125000000       0.602665833333333      -0.259838856508371     
   6.30899125000000       0.902998750000000      -0.266580026400398     
   6.30899125000000        1.20333166666667      -0.271125297974802     
   6.30899125000000        1.50366458333333      -0.274015983110543     
   6.30899125000000        1.80399750000000      -0.275208190940956     
   6.30899125000000        2.10433041666667      -0.275075731128278     
   6.30899125000000        2.40466333333333      -0.273247637437231     
   6.30899125000000        2.70499625000000      -0.269216194616635     
   6.30899125000000        3.00532916666667      -0.262633546016301     
   6.30899125000000        3.30566208333333      -0.253637333747058     
   6.30899125000000        3.60599500000000      -0.243143299287973     
   6.30899125000000        3.90632791666667      -0.232062535573061     
   6.30899125000000        4.20666083333333      -0.220692598174529     
   6.30899125000000        4.50699375000000      -0.209656785821397     
   6.30899125000000        4.80732666666667      -0.199559764288428     
   6.30899125000000        5.10765958333333      -0.190495576090386     
   6.30899125000000        5.40799250000000      -0.182411328704943     
   6.30899125000000        5.70832541666667      -0.175252187866743     
   6.30899125000000        6.00865833333333      -0.168644397245623     
   6.30899125000000        6.30899125000000      -0.162242266919065     
   6.30899125000000        6.60932416666667      -0.155851872688442     
   6.30899125000000        6.90965708333333      -0.149646872347470     
   6.30899125000000        7.20999000000000      -0.143544065780076     
   6.60932416666667       2.000000000000000E-003 -0.230419574712607     
   6.60932416666667       0.302332916666667      -0.236377557580294     
   6.60932416666667       0.602665833333333      -0.242339061109636     
   6.60932416666667       0.902998750000000      -0.247794270767266     
   6.60932416666667        1.20333166666667      -0.251270043423788     
   6.60932416666667        1.50366458333333      -0.252906623024628     
   6.60932416666667        1.80399750000000      -0.253212389236476     
   6.60932416666667        2.10433041666667      -0.252629942002148     
   6.60932416666667        2.40466333333333      -0.250970679545144     
   6.60932416666667        2.70499625000000      -0.247627390918679     
   6.60932416666667        3.00532916666667      -0.241996088571790     
   6.60932416666667        3.30566208333333      -0.234664492850359     
   6.60932416666667        3.60599500000000      -0.226856786030872     
   6.60932416666667        3.90632791666667      -0.219078011423959     
   6.60932416666667        4.20666083333333      -0.209999192594302     
   6.60932416666667        4.50699375000000      -0.199971172704685     
   6.60932416666667        4.80732666666667      -0.190533488068527     
   6.60932416666667        5.10765958333333      -0.182135045129302     
   6.60932416666667        5.40799250000000      -0.174858502523167     
   6.60932416666667        5.70832541666667      -0.168801287091835     
   6.60932416666667        6.00865833333333      -0.163443851459096     
   6.60932416666667        6.30899125000000      -0.158173517265797     
   6.60932416666667        6.60932416666667      -0.152566812452356     
   6.60932416666667        6.90965708333333      -0.147038917583761     
   6.60932416666667        7.20999000000000      -0.141937989435165     
   6.90965708333333       2.000000000000000E-003 -0.220285355884253     
   6.90965708333333       0.302332916666667      -0.219819219427673     
   6.90965708333333       0.602665833333333      -0.223672450947664     
   6.90965708333333       0.902998750000000      -0.229269900511806     
   6.90965708333333        1.20333166666667      -0.232230951227940     
   6.90965708333333        1.50366458333333      -0.233224505641565     
   6.90965708333333        1.80399750000000      -0.233103180942115     
   6.90965708333333        2.10433041666667      -0.232457817387950     
   6.90965708333333        2.40466333333333      -0.231149318098587     
   6.90965708333333        2.70499625000000      -0.228816029561086     
   6.90965708333333        3.00532916666667      -0.225157563622827     
   6.90965708333333        3.30566208333333      -0.220451301884858     
   6.90965708333333        3.60599500000000      -0.216247663540508     
   6.90965708333333        3.90632791666667      -0.210490456840933     
   6.90965708333333        4.20666083333333      -0.202085231235969     
   6.90965708333333        4.50699375000000      -0.191845341081905     
   6.90965708333333        4.80732666666667      -0.182152500894142     
   6.90965708333333        5.10765958333333      -0.174044829137129     
   6.90965708333333        5.40799250000000      -0.167398130685353     
   6.90965708333333        5.70832541666667      -0.162291587022777     
   6.90965708333333        6.00865833333333      -0.158067442698867     
   6.90965708333333        6.30899125000000      -0.153901452013073     
   6.90965708333333        6.60932416666667      -0.149031922260867     
   6.90965708333333        6.90965708333333      -0.144278059229589     
   6.90965708333333        7.20999000000000      -0.140711625068751     
   7.20999000000000       2.000000000000000E-003 -0.210073827804901     
   7.20999000000000       0.302332916666667      -0.211494012577562     
   7.20999000000000       0.602665833333333      -0.211374911561889     
   7.20999000000000       0.902998750000000      -0.213596858729817     
   7.20999000000000        1.20333166666667      -0.215145208053422     
   7.20999000000000        1.50366458333333      -0.215684335195274     
   7.20999000000000        1.80399750000000      -0.215379244398875     
   7.20999000000000        2.10433041666667      -0.214894559969083     
   7.20999000000000        2.40466333333333      -0.214172798120402     
   7.20999000000000        2.70499625000000      -0.213417905896543     
   7.20999000000000        3.00532916666667      -0.212669833336795     
   7.20999000000000        3.30566208333333      -0.211610621910744     
   7.20999000000000        3.60599500000000      -0.209052406181731     
   7.20999000000000        3.90632791666667      -0.202231512112553     
   7.20999000000000        4.20666083333333      -0.194204828594589     
   7.20999000000000        4.50699375000000      -0.183698077836649     
   7.20999000000000        4.80732666666667      -0.173896199679221     
   7.20999000000000        5.10765958333333      -0.166111990075031     
   7.20999000000000        5.40799250000000      -0.160109564259186     
   7.20999000000000        5.70832541666667      -0.155917686970678     
   7.20999000000000        6.00865833333333      -0.152712288693828     
   7.20999000000000        6.30899125000000      -0.149606684325202     
   7.20999000000000        6.60932416666667      -0.146001575961715     
   7.20999000000000        6.90965708333333      -0.142489156363284     
   7.20999000000000        7.20999000000000      -0.138338290774321     
