  2.000000000000000E-003  2.000000000000000E-003 -0.323422218109712     
  2.000000000000000E-003  0.302332916666667      -0.330347573942171     
  2.000000000000000E-003  0.602665833333333      -0.339904469022092     
  2.000000000000000E-003  0.902998750000000      -0.354859832202775     
  2.000000000000000E-003   1.20333166666667      -0.364353623479129     
  2.000000000000000E-003   1.50366458333333      -0.366772472631352     
  2.000000000000000E-003   1.80399750000000      -0.360909526554300     
  2.000000000000000E-003   2.10433041666667      -0.353344960760352     
  2.000000000000000E-003   2.40466333333333      -0.345131470180244     
  2.000000000000000E-003   2.70499625000000      -0.334924804080935     
  2.000000000000000E-003   3.00532916666667      -0.324905841654840     
  2.000000000000000E-003   3.30566208333333      -0.319605267159542     
  2.000000000000000E-003   3.60599500000000      -0.311121871699148     
  2.000000000000000E-003   3.90632791666667      -0.288443040738737     
  2.000000000000000E-003   4.20666083333333      -0.263348285560448     
  2.000000000000000E-003   4.50699375000000      -0.235599618983751     
  2.000000000000000E-003   4.80732666666667      -0.212105517045406     
  2.000000000000000E-003   5.10765958333333      -0.194704995767315     
  2.000000000000000E-003   5.40799250000000      -0.182418373500892     
  2.000000000000000E-003   5.70832541666667      -0.175292854522513     
  2.000000000000000E-003   6.00865833333333      -0.171201025586780     
  2.000000000000000E-003   6.30899125000000      -0.167283448392427     
  2.000000000000000E-003   6.60932416666667      -0.161681766641449     
  2.000000000000000E-003   6.90965708333333      -0.156418964193633     
  2.000000000000000E-003   7.20999000000000      -0.150899532126766     
  0.302332916666667       2.000000000000000E-003 -0.330348084402367     
  0.302332916666667       0.302332916666667      -0.326613639877483     
  0.302332916666667       0.602665833333333      -0.357893876951877     
  0.302332916666667       0.902998750000000      -0.390214390265419     
  0.302332916666667        1.20333166666667      -0.406032208940112     
  0.302332916666667        1.50366458333333      -0.409216320509230     
  0.302332916666667        1.80399750000000      -0.404429124453444     
  0.302332916666667        2.10433041666667      -0.395405565561812     
  0.302332916666667        2.40466333333333      -0.384797464152334     
  0.302332916666667        2.70499625000000      -0.369889569834200     
  0.302332916666667        3.00532916666667      -0.350951760116097     
  0.302332916666667        3.30566208333333      -0.334110659819180     
  0.302332916666667        3.60599500000000      -0.321750628672686     
  0.302332916666667        3.90632791666667      -0.300572881050612     
  0.302332916666667        4.20666083333333      -0.272940579383748     
  0.302332916666667        4.50699375000000      -0.244790395430749     
  0.302332916666667        4.80732666666667      -0.221033214506206     
  0.302332916666667        5.10765958333333      -0.202953201574992     
  0.302332916666667        5.40799250000000      -0.189723719417402     
  0.302332916666667        5.70832541666667      -0.181042871091583     
  0.302332916666667        6.00865833333333      -0.175096086496645     
  0.302332916666667        6.30899125000000      -0.169540267517327     
  0.302332916666667        6.60932416666667      -0.162465355619447     
  0.302332916666667        6.90965708333333      -0.156368248275550     
  0.302332916666667        7.20999000000000      -0.151618966336092     
  0.602665833333333       2.000000000000000E-003 -0.339906474844993     
  0.602665833333333       0.302332916666667      -0.357893843576629     
  0.602665833333333       0.602665833333333      -0.395675547261601     
  0.602665833333333       0.902998750000000      -0.430582446105032     
  0.602665833333333        1.20333166666667      -0.449835363209173     
  0.602665833333333        1.50366458333333      -0.454797771513352     
  0.602665833333333        1.80399750000000      -0.449742562427278     
  0.602665833333333        2.10433041666667      -0.439376843951405     
  0.602665833333333        2.40466333333333      -0.426371924800498     
  0.602665833333333        2.70499625000000      -0.408139611792763     
  0.602665833333333        3.00532916666667      -0.383285931282827     
  0.602665833333333        3.30566208333333      -0.356188206597208     
  0.602665833333333        3.60599500000000      -0.330919275235683     
  0.602665833333333        3.90632791666667      -0.304902071625086     
  0.602665833333333        4.20666083333333      -0.276751368177463     
  0.602665833333333        4.50699375000000      -0.249928095370640     
  0.602665833333333        4.80732666666667      -0.227585628751068     
  0.602665833333333        5.10765958333333      -0.209813730292410     
  0.602665833333333        5.40799250000000      -0.196032659969574     
  0.602665833333333        5.70832541666667      -0.186122369041410     
  0.602665833333333        6.00865833333333      -0.178695919014483     
  0.602665833333333        6.30899125000000      -0.172013296287468     
  0.602665833333333        6.60932416666667      -0.165099461133691     
  0.602665833333333        6.90965708333333      -0.158232241960395     
  0.602665833333333        7.20999000000000      -0.150496274903816     
  0.902998750000000       2.000000000000000E-003 -0.354863983191376     
  0.902998750000000       0.302332916666667      -0.390214199296375     
  0.902998750000000       0.602665833333333      -0.430582448448324     
  0.902998750000000       0.902998750000000      -0.467314333878900     
  0.902998750000000        1.20333166666667      -0.487166937435575     
  0.902998750000000        1.50366458333333      -0.494212717804622     
  0.902998750000000        1.80399750000000      -0.489848003181868     
  0.902998750000000        2.10433041666667      -0.480308811011424     
  0.902998750000000        2.40466333333333      -0.464965655045725     
  0.902998750000000        2.70499625000000      -0.442206930634508     
  0.902998750000000        3.00532916666667      -0.412879441125720     
  0.902998750000000        3.30566208333333      -0.378924013873601     
  0.902998750000000        3.60599500000000      -0.344363789198901     
  0.902998750000000        3.90632791666667      -0.311357147996845     
  0.902998750000000        4.20666083333333      -0.280958999664412     
  0.902998750000000        4.50699375000000      -0.254787437975073     
  0.902998750000000        4.80732666666667      -0.233276380049487     
  0.902998750000000        5.10765958333333      -0.215707504264481     
  0.902998750000000        5.40799250000000      -0.201600628303173     
  0.902998750000000        5.70832541666667      -0.190624247559405     
  0.902998750000000        6.00865833333333      -0.181916040941754     
  0.902998750000000        6.30899125000000      -0.174306214026124     
  0.902998750000000        6.60932416666667      -0.166704289355290     
  0.902998750000000        6.90965708333333      -0.158950284338703     
  0.902998750000000        7.20999000000000      -0.150424195216355     
   1.20333166666667       2.000000000000000E-003 -0.364363938470056     
   1.20333166666667       0.302332916666667      -0.406031761910022     
   1.20333166666667       0.602665833333333      -0.449835661620118     
   1.20333166666667       0.902998750000000      -0.487167035207179     
   1.20333166666667        1.20333166666667      -0.514199705997575     
   1.20333166666667        1.50366458333333      -0.521848464259381     
   1.20333166666667        1.80399750000000      -0.520686831779496     
   1.20333166666667        2.10433041666667      -0.513115995496438     
   1.20333166666667        2.40466333333333      -0.495399135583995     
   1.20333166666667        2.70499625000000      -0.467445131846364     
   1.20333166666667        3.00532916666667      -0.432328104536482     
   1.20333166666667        3.30566208333333      -0.393835506020035     
   1.20333166666667        3.60599500000000      -0.354804692461022     
   1.20333166666667        3.90632791666667      -0.318251125685322     
   1.20333166666667        4.20666083333333      -0.286464882586909     
   1.20333166666667        4.50699375000000      -0.260135836227854     
   1.20333166666667        4.80732666666667      -0.238566250014681     
   1.20333166666667        5.10765958333333      -0.220915083987888     
   1.20333166666667        5.40799250000000      -0.206466620183673     
   1.20333166666667        5.70832541666667      -0.194618531864242     
   1.20333166666667        6.00865833333333      -0.184786604729944     
   1.20333166666667        6.30899125000000      -0.175903839239447     
   1.20333166666667        6.60932416666667      -0.167493600896281     
   1.20333166666667        6.90965708333333      -0.159164776752834     
   1.20333166666667        7.20999000000000      -0.150231585384271     
   1.50366458333333       2.000000000000000E-003 -0.366780234765339     
   1.50366458333333       0.302332916666667      -0.409215644719749     
   1.50366458333333       0.602665833333333      -0.454798235067004     
   1.50366458333333       0.902998750000000      -0.494213089578564     
   1.50366458333333        1.20333166666667      -0.521848571586162     
   1.50366458333333        1.50366458333333      -0.536010695388492     
   1.50366458333333        1.80399750000000      -0.540573230206865     
   1.50366458333333        2.10433041666667      -0.533405112599346     
   1.50366458333333        2.40466333333333      -0.513075023208422     
   1.50366458333333        2.70499625000000      -0.481329591283038     
   1.50366458333333        3.00532916666667      -0.442223800184131     
   1.50366458333333        3.30566208333333      -0.400409167475726     
   1.50366458333333        3.60599500000000      -0.359750789731950     
   1.50366458333333        3.90632791666667      -0.322890100976659     
   1.50366458333333        4.20666083333333      -0.291205212307407     
   1.50366458333333        4.50699375000000      -0.264847935219509     
   1.50366458333333        4.80732666666667      -0.243192905811631     
   1.50366458333333        5.10765958333333      -0.225380071570543     
   1.50366458333333        5.40799250000000      -0.210579616825344     
   1.50366458333333        5.70832541666667      -0.198055907076965     
   1.50366458333333        6.00865833333333      -0.187160433565065     
   1.50366458333333        6.30899125000000      -0.177297778548962     
   1.50366458333333        6.60932416666667      -0.168069295768609     
   1.50366458333333        6.90965708333333      -0.159327791695047     
   1.50366458333333        7.20999000000000      -0.149979011136313     
   1.80399750000000       2.000000000000000E-003 -0.360906099083724     
   1.80399750000000       0.302332916666667      -0.404428302616661     
   1.80399750000000       0.602665833333333      -0.449742744570408     
   1.80399750000000       0.902998750000000      -0.489848475427789     
   1.80399750000000        1.20333166666667      -0.520687068534990     
   1.80399750000000        1.50366458333333      -0.540573326408802     
   1.80399750000000        1.80399750000000      -0.546938782904634     
   1.80399750000000        2.10433041666667      -0.538273104834530     
   1.80399750000000        2.40466333333333      -0.515385170608635     
   1.80399750000000        2.70499625000000      -0.481559842900331     
   1.80399750000000        3.00532916666667      -0.441502497443406     
   1.80399750000000        3.30566208333333      -0.399868266764961     
   1.80399750000000        3.60599500000000      -0.360198250802512     
   1.80399750000000        3.90632791666667      -0.324589942432079     
   1.80399750000000        4.20666083333333      -0.293888627747905     
   1.80399750000000        4.50699375000000      -0.268069965011068     
   1.80399750000000        4.80732666666667      -0.246619195270137     
   1.80399750000000        5.10765958333333      -0.228796410707662     
   1.80399750000000        5.40799250000000      -0.213783033414740     
   1.80399750000000        5.70832541666667      -0.200789952959225     
   1.80399750000000        6.00865833333333      -0.189169883986264     
   1.80399750000000        6.30899125000000      -0.178500157960875     
   1.80399750000000        6.60932416666667      -0.168606511872077     
   1.80399750000000        6.90965708333333      -0.159514985365756     
   1.80399750000000        7.20999000000000      -0.151065503654593     
   2.10433041666667       2.000000000000000E-003 -0.353343884706556     
   2.10433041666667       0.302332916666667      -0.395405018322566     
   2.10433041666667       0.602665833333333      -0.439376801743819     
   2.10433041666667       0.902998750000000      -0.480309004832761     
   2.10433041666667        1.20333166666667      -0.513116172439254     
   2.10433041666667        1.50366458333333      -0.533405235177889     
   2.10433041666667        1.80399750000000      -0.538273164071907     
   2.10433041666667        2.10433041666667      -0.527271659879691     
   2.10433041666667        2.40466333333333      -0.502686097838030     
   2.10433041666667        2.70499625000000      -0.468785723284671     
   2.10433041666667        3.00532916666667      -0.430410576321472     
   2.10433041666667        3.30566208333333      -0.391650526082448     
   2.10433041666667        3.60599500000000      -0.355198269047715     
   2.10433041666667        3.90632791666667      -0.322409704473446     
   2.10433041666667        4.20666083333333      -0.293730648265806     
   2.10433041666667        4.50699375000000      -0.269131266569488     
   2.10433041666667        4.80732666666667      -0.248323370932527     
   2.10433041666667        5.10765958333333      -0.230789941401216     
   2.10433041666667        5.40799250000000      -0.215812614413531     
   2.10433041666667        5.70832541666667      -0.202613786091223     
   2.10433041666667        6.00865833333333      -0.190574680369585     
   2.10433041666667        6.30899125000000      -0.179392342204430     
   2.10433041666667        6.60932416666667      -0.169071052587661     
   2.10433041666667        6.90965708333333      -0.159762532040334     
   2.10433041666667        7.20999000000000      -0.151557913619565     
   2.40466333333333       2.000000000000000E-003 -0.345130877799042     
   2.40466333333333       0.302332916666667      -0.384797010317066     
   2.40466333333333       0.602665833333333      -0.426371677761853     
   2.40466333333333       0.902998750000000      -0.464965589387885     
   2.40466333333333        1.20333166666667      -0.495399174436305     
   2.40466333333333        1.50366458333333      -0.513075099821836     
   2.40466333333333        1.80399750000000      -0.515385231480920     
   2.40466333333333        2.10433041666667      -0.502686117346044     
   2.40466333333333        2.40466333333333      -0.478099448795828     
   2.40466333333333        2.70499625000000      -0.446246643579450     
   2.40466333333333        3.00532916666667      -0.411633721614476     
   2.40466333333333        3.30566208333333      -0.377504915625706     
   2.40466333333333        3.60599500000000      -0.345598167705441     
   2.40466333333333        3.90632791666667      -0.316573797302762     
   2.40466333333333        4.20666083333333      -0.290601035618425     
   2.40466333333333        4.50699375000000      -0.267747103472233     
   2.40466333333333        4.80732666666667      -0.247999892982756     
   2.40466333333333        5.10765958333333      -0.231091246166171     
   2.40466333333333        5.40799250000000      -0.216435008016504     
   2.40466333333333        5.70832541666667      -0.203303677262840     
   2.40466333333333        6.00865833333333      -0.191131245248697     
   2.40466333333333        6.30899125000000      -0.179718925842242     
   2.40466333333333        6.60932416666667      -0.169206363538090     
   2.40466333333333        6.90965708333333      -0.159864108590289     
   2.40466333333333        7.20999000000000      -0.151828695711970     
   2.70499625000000       2.000000000000000E-003 -0.334924140961319     
   2.70499625000000       0.302332916666667      -0.369888958094940     
   2.70499625000000       0.602665833333333      -0.408139124423808     
   2.70499625000000       0.902998750000000      -0.442206634646206     
   2.70499625000000        1.20333166666667      -0.467445008235708     
   2.70499625000000        1.50366458333333      -0.481329563044680     
   2.70499625000000        1.80399750000000      -0.481559835401874     
   2.70499625000000        2.10433041666667      -0.468785693996544     
   2.70499625000000        2.40466333333333      -0.446246602356057     
   2.70499625000000        2.70499625000000      -0.418288036193953     
   2.70499625000000        3.00532916666667      -0.388744563656695     
   2.70499625000000        3.30566208333333      -0.359994656010259     
   2.70499625000000        3.60599500000000      -0.332992066434550     
   2.70499625000000        3.90632791666667      -0.307921143561021     
   2.70499625000000        4.20666083333333      -0.284849615761235     
   2.70499625000000        4.50699375000000      -0.264005952874959     
   2.70499625000000        4.80732666666667      -0.245621198859374     
   2.70499625000000        5.10765958333333      -0.229623582694329     
   2.70499625000000        5.40799250000000      -0.215541870723649     
   2.70499625000000        5.70832541666667      -0.202718980556103     
   2.70499625000000        6.00865833333333      -0.190668443313408     
   2.70499625000000        6.30899125000000      -0.179289615646293     
   2.70499625000000        6.60932416666667      -0.168787806789667     
   2.70499625000000        6.90965708333333      -0.159688484230608     
   2.70499625000000        7.20999000000000      -0.152230809152490     
   3.00532916666667       2.000000000000000E-003 -0.324904990762649     
   3.00532916666667       0.302332916666667      -0.350950914343752     
   3.00532916666667       0.602665833333333      -0.383285209721800     
   3.00532916666667       0.902998750000000      -0.412878939944205     
   3.00532916666667        1.20333166666667      -0.432327818676653     
   3.00532916666667        1.50366458333333      -0.442223634688708     
   3.00532916666667        1.80399750000000      -0.441502367673575     
   3.00532916666667        2.10433041666667      -0.430410437080948     
   3.00532916666667        2.40466333333333      -0.411633578989479     
   3.00532916666667        2.70499625000000      -0.388744465643961     
   3.00532916666667        3.00532916666667      -0.364735468620966     
   3.00532916666667        3.30566208333333      -0.341267440468652     
   3.00532916666667        3.60599500000000      -0.318806799290110     
   3.00532916666667        3.90632791666667      -0.297340640385730     
   3.00532916666667        4.20666083333333      -0.277011097680650     
   3.00532916666667        4.50699375000000      -0.258230621535624     
   3.00532916666667        4.80732666666667      -0.241382885739779     
   3.00532916666667        5.10765958333333      -0.226494064765771     
   3.00532916666667        5.40799250000000      -0.213166770250836     
   3.00532916666667        5.70832541666667      -0.200829806600360     
   3.00532916666667        6.00865833333333      -0.189109462419844     
   3.00532916666667        6.30899125000000      -0.177946826014340     
   3.00532916666667        6.60932416666667      -0.167617330073359     
   3.00532916666667        6.90965708333333      -0.159115762241061     
   3.00532916666667        7.20999000000000      -0.152758710539041     
   3.30566208333333       2.000000000000000E-003 -0.319604338097537     
   3.30566208333333       0.302332916666667      -0.334109695556455     
   3.30566208333333       0.602665833333333      -0.356187411839926     
   3.30566208333333       0.902998750000000      -0.378923456020227     
   3.30566208333333        1.20333166666667      -0.393835120616701     
   3.30566208333333        1.50366458333333      -0.400408877159042     
   3.30566208333333        1.80399750000000      -0.399868005478005     
   3.30566208333333        2.10433041666667      -0.391650261594089     
   3.30566208333333        2.40466333333333      -0.377504656872503     
   3.30566208333333        2.70499625000000      -0.359994446060716     
   3.30566208333333        3.00532916666667      -0.341267327070653     
   3.30566208333333        3.30566208333333      -0.322468477115033     
   3.30566208333333        3.60599500000000      -0.303860050755406     
   3.30566208333333        3.90632791666667      -0.285461419442642     
   3.30566208333333        4.20666083333333      -0.267599996997999     
   3.30566208333333        4.50699375000000      -0.250841336707861     
   3.30566208333333        4.80732666666667      -0.235610786311675     
   3.30566208333333        5.10765958333333      -0.221934318286111     
   3.30566208333333        5.40799250000000      -0.209452761765477     
   3.30566208333333        5.70832541666667      -0.197702097414389     
   3.30566208333333        6.00865833333333      -0.186455253366348     
   3.30566208333333        6.30899125000000      -0.175651732023828     
   3.30566208333333        6.60932416666667      -0.165757861226860     
   3.30566208333333        6.90965708333333      -0.158241805109297     
   3.30566208333333        7.20999000000000      -0.153142759358064     
   3.60599500000000       2.000000000000000E-003 -0.311121011557451     
   3.60599500000000       0.302332916666667      -0.321749806451599     
   3.60599500000000       0.602665833333333      -0.330918663292776     
   3.60599500000000       0.902998750000000      -0.344363343943125     
   3.60599500000000        1.20333166666667      -0.354804303805443     
   3.60599500000000        1.50366458333333      -0.359750420442915     
   3.60599500000000        1.80399750000000      -0.360197896707545     
   3.60599500000000        2.10433041666667      -0.355197922660071     
   3.60599500000000        2.40466333333333      -0.345597841989310     
   3.60599500000000        2.70499625000000      -0.332991794645480     
   3.60599500000000        3.00532916666667      -0.318806616491278     
   3.60599500000000        3.30566208333333      -0.303859970149408     
   3.60599500000000        3.60599500000000      -0.288414021236746     
   3.60599500000000        3.90632791666667      -0.272648537910885     
   3.60599500000000        4.20666083333333      -0.257067183362277     
   3.60599500000000        4.50699375000000      -0.242291936433912     
   3.60599500000000        4.80732666666667      -0.228692573128567     
   3.60599500000000        5.10765958333333      -0.216240004587522     
   3.60599500000000        5.40799250000000      -0.204610448991743     
   3.60599500000000        5.70832541666667      -0.193476099548913     
   3.60599500000000        6.00865833333333      -0.182777424915106     
   3.60599500000000        6.30899125000000      -0.172598584745960     
   3.60599500000000        6.60932416666667      -0.163606972477432     
   3.60599500000000        6.90965708333333      -0.157356516857203     
   3.60599500000000        7.20999000000000      -0.152795436598065     
   3.90632791666667       2.000000000000000E-003 -0.288442242019681     
   3.90632791666667       0.302332916666667      -0.300572354910301     
   3.90632791666667       0.602665833333333      -0.304901707443409     
   3.90632791666667       0.902998750000000      -0.311356824957778     
   3.90632791666667        1.20333166666667      -0.318250742790737     
   3.90632791666667        1.50366458333333      -0.322889691059176     
   3.90632791666667        1.80399750000000      -0.324589555978248     
   3.90632791666667        2.10433041666667      -0.322409354590473     
   3.90632791666667        2.40466333333333      -0.316573495036880     
   3.90632791666667        2.70499625000000      -0.307920903657443     
   3.90632791666667        3.00532916666667      -0.297340474921963     
   3.90632791666667        3.30566208333333      -0.285461329184757     
   3.90632791666667        3.60599500000000      -0.272648507475288     
   3.90632791666667        3.90632791666667      -0.259268160833512     
   3.90632791666667        4.20666083333333      -0.245883744475737     
   3.90632791666667        4.50699375000000      -0.233046594628812     
   3.90632791666667        4.80732666666667      -0.221016911263645     
   3.90632791666667        5.10765958333333      -0.209714532431355     
   3.90632791666667        5.40799250000000      -0.198882956110395     
   3.90632791666667        5.70832541666667      -0.188356535430010     
   3.90632791666667        6.00865833333333      -0.178250376119778     
   3.90632791666667        6.30899125000000      -0.168886459553941     
   3.90632791666667        6.60932416666667      -0.160996590835662     
   3.90632791666667        6.90965708333333      -0.155347443475418     
   3.90632791666667        7.20999000000000      -0.150229779678621     
   4.20666083333333       2.000000000000000E-003 -0.263347586026217     
   4.20666083333333       0.302332916666667      -0.272940097863785     
   4.20666083333333       0.602665833333333      -0.276750994177454     
   4.20666083333333       0.902998750000000      -0.280958614027664     
   4.20666083333333        1.20333166666667      -0.286464425213321     
   4.20666083333333        1.50366458333333      -0.291204772023409     
   4.20666083333333        1.80399750000000      -0.293888257308209     
   4.20666083333333        2.10433041666667      -0.293730364587657     
   4.20666083333333        2.40466333333333      -0.290600839015928     
   4.20666083333333        2.70499625000000      -0.284849495096165     
   4.20666083333333        3.00532916666667      -0.277011034253915     
   4.20666083333333        3.30566208333333      -0.267599971141289     
   4.20666083333333        3.60599500000000      -0.257067179076058     
   4.20666083333333        3.90632791666667      -0.245883749288696     
   4.20666083333333        4.20666083333333      -0.234565121389607     
   4.20666083333333        4.50699375000000      -0.223521342924362     
   4.20666083333333        4.80732666666667      -0.212902736373163     
   4.20666083333333        5.10765958333333      -0.202619259996521     
   4.20666083333333        5.40799250000000      -0.192518854971035     
   4.20666083333333        5.70832541666667      -0.182600528448952     
   4.20666083333333        6.00865833333333      -0.173116720832568     
   4.20666083333333        6.30899125000000      -0.164499891263588     
   4.20666083333333        6.60932416666667      -0.157350477001381     
   4.20666083333333        6.90965708333333      -0.151879506751898     
   4.20666083333333        7.20999000000000      -0.146834634055268     
   4.50699375000000       2.000000000000000E-003 -0.235598813674386     
   4.50699375000000       0.302332916666667      -0.244789689536925     
   4.50699375000000       0.602665833333333      -0.249927448338554     
   4.50699375000000       0.902998750000000      -0.254786804532523     
   4.50699375000000        1.20333166666667      -0.260135252804820     
   4.50699375000000        1.50366458333333      -0.264847462525639     
   4.50699375000000        1.80399750000000      -0.268069630772202     
   4.50699375000000        2.10433041666667      -0.269131076643119     
   4.50699375000000        2.40466333333333      -0.267747043023437     
   4.50699375000000        2.70499625000000      -0.264005985229214     
   4.50699375000000        3.00532916666667      -0.258230698156181     
   4.50699375000000        3.30566208333333      -0.250841415443779     
   4.50699375000000        3.60599500000000      -0.242291996211518     
   4.50699375000000        3.90632791666667      -0.233046634265005     
   4.50699375000000        4.20666083333333      -0.223521366316567     
   4.50699375000000        4.50699375000000      -0.213995096055172     
   4.50699375000000        4.80732666666667      -0.204554864022108     
   4.50699375000000        5.10765958333333      -0.195151590632931     
   4.50699375000000        5.40799250000000      -0.185753935090177     
   4.50699375000000        5.70832541666667      -0.176491318321573     
   4.50699375000000        6.00865833333333      -0.167679403178621     
   4.50699375000000        6.30899125000000      -0.159702177538414     
   4.50699375000000        6.60932416666667      -0.152894699035960     
   4.50699375000000        6.90965708333333      -0.147251831443325     
   4.50699375000000        7.20999000000000      -0.141952638831672     
   4.80732666666667       2.000000000000000E-003 -0.212104676069835     
   4.80732666666667       0.302332916666667      -0.221032265233122     
   4.80732666666667       0.602665833333333      -0.227584628541936     
   4.80732666666667       0.902998750000000      -0.233275475559079     
   4.80732666666667        1.20333166666667      -0.238565544813072     
   4.80732666666667        1.50366458333333      -0.243192415222815     
   4.80732666666667        1.80399750000000      -0.246618901650553     
   4.80732666666667        2.10433041666667      -0.248323258556754     
   4.80732666666667        2.40466333333333      -0.247999936680552     
   4.80732666666667        2.70499625000000      -0.245621348813540     
   4.80732666666667        3.00532916666667      -0.241383075857192     
   4.80732666666667        3.30566208333333      -0.235610959454401     
   4.80732666666667        3.60599500000000      -0.228692702207524     
   4.80732666666667        3.90632791666667      -0.221017000984260     
   4.80732666666667        4.20666083333333      -0.212902802648803     
   4.80732666666667        4.50699375000000      -0.204554908024983     
   4.80732666666667        4.80732666666667      -0.196061293131461     
   4.80732666666667        5.10765958333333      -0.187450876637379     
   4.80732666666667        5.40799250000000      -0.178798282719371     
   4.80732666666667        5.70832541666667      -0.170298691875307     
   4.80732666666667        6.00865833333333      -0.162246628816564     
   4.80732666666667        6.30899125000000      -0.154921354611118     
   4.80732666666667        6.60932416666667      -0.148449268584943     
   4.80732666666667        6.90965708333333      -0.142710326634883     
   4.80732666666667        7.20999000000000      -0.137311547669110     
   5.10765958333333       2.000000000000000E-003 -0.194704833093530     
   5.10765958333333       0.302332916666667      -0.202952130002596     
   5.10765958333333       0.602665833333333      -0.209812326571442     
   5.10765958333333       0.902998750000000      -0.215706305804404     
   5.10765958333333        1.20333166666667      -0.220914325171508     
   5.10765958333333        1.50366458333333      -0.225379643277002     
   5.10765958333333        1.80399750000000      -0.228796185110643     
   5.10765958333333        2.10433041666667      -0.230789875956130     
   5.10765958333333        2.40466333333333      -0.231091325340781     
   5.10765958333333        2.70499625000000      -0.229623767606708     
   5.10765958333333        3.00532916666667      -0.226494295644703     
   5.10765958333333        3.30566208333333      -0.221934538509535     
   5.10765958333333        3.60599500000000      -0.216240180325457     
   5.10765958333333        3.90632791666667      -0.209714668018502     
   5.10765958333333        4.20666083333333      -0.202619378013366     
   5.10765958333333        4.50699375000000      -0.195151696757620     
   5.10765958333333        4.80732666666667      -0.187450948116417     
   5.10765958333333        5.10765958333333      -0.179631006176122     
   5.10765958333333        5.40799250000000      -0.171829264676575     
   5.10765958333333        5.70832541666667      -0.164232202725327     
   5.10765958333333        6.00865833333333      -0.157046009649383     
   5.10765958333333        6.30899125000000      -0.150423806834883     
   5.10765958333333        6.60932416666667      -0.144397788149710     
   5.10765958333333        6.90965708333333      -0.138861678891152     
   5.10765958333333        7.20999000000000      -0.133629339956914     
   5.40799250000000       2.000000000000000E-003 -0.182420449183579     
   5.40799250000000       0.302332916666667      -0.189722382492428     
   5.40799250000000       0.602665833333333      -0.196030592705812     
   5.40799250000000       0.902998750000000      -0.201599098292434     
   5.40799250000000        1.20333166666667      -0.206466088387851     
   5.40799250000000        1.50366458333333      -0.210579517047584     
   5.40799250000000        1.80399750000000      -0.213782971611133     
   5.40799250000000        2.10433041666667      -0.215812583844206     
   5.40799250000000        2.40466333333333      -0.216435057290771     
   5.40799250000000        2.70499625000000      -0.215542001633212     
   5.40799250000000        3.00532916666667      -0.213166960870996     
   5.40799250000000        3.30566208333333      -0.209452990428140     
   5.40799250000000        3.60599500000000      -0.204610643623751     
   5.40799250000000        3.90632791666667      -0.198883111092379     
   5.40799250000000        4.20666083333333      -0.192519008551981     
   5.40799250000000        4.50699375000000      -0.185754089978294     
   5.40799250000000        4.80732666666667      -0.178798426732132     
   5.40799250000000        5.10765958333333      -0.171829351489545     
   5.40799250000000        5.40799250000000      -0.164993756577178     
   5.40799250000000        5.70832541666667      -0.158410923440286     
   5.40799250000000        6.00865833333333      -0.152163673457013     
   5.40799250000000        6.30899125000000      -0.146284773682631     
   5.40799250000000        6.60932416666667      -0.140786558935530     
   5.40799250000000        6.90965708333333      -0.135639864230348     
   5.40799250000000        7.20999000000000      -0.130765553869064     
   5.70832541666667       2.000000000000000E-003 -0.175280603787467     
   5.70832541666667       0.302332916666667      -0.181041390586157     
   5.70832541666667       0.602665833333333      -0.186120312985466     
   5.70832541666667       0.902998750000000      -0.190623071484434     
   5.70832541666667        1.20333166666667      -0.194619369160438     
   5.70832541666667        1.50366458333333      -0.198057050375339     
   5.70832541666667        1.80399750000000      -0.200790180567232     
   5.70832541666667        2.10433041666667      -0.202613790320128     
   5.70832541666667        2.40466333333333      -0.203303661595651     
   5.70832541666667        2.70499625000000      -0.202718995962018     
   5.70832541666667        3.00532916666667      -0.200829867061515     
   5.70832541666667        3.30566208333333      -0.197702463326327     
   5.70832541666667        3.60599500000000      -0.193476274703256     
   5.70832541666667        3.90632791666667      -0.188356605126405     
   5.70832541666667        4.20666083333333      -0.182600667980630     
   5.70832541666667        4.50699375000000      -0.176491431588504     
   5.70832541666667        4.80732666666667      -0.170298867816801     
   5.70832541666667        5.10765958333333      -0.164232346718814     
   5.70832541666667        5.40799250000000      -0.158410987144880     
   5.70832541666667        5.70832541666667      -0.152867420630769     
   5.70832541666667        6.00865833333333      -0.147567799560331     
   5.70832541666667        6.30899125000000      -0.142534624942395     
   5.70832541666667        6.60932416666667      -0.137748502639796     
   5.70832541666667        6.90965708333333      -0.133147183988329     
   5.70832541666667        7.20999000000000      -0.128616300831068     
   6.00865833333333       2.000000000000000E-003 -0.171195722851162     
   6.00865833333333       0.302332916666667      -0.175094963353494     
   6.00865833333333       0.602665833333333      -0.178694661566262     
   6.00865833333333       0.902998750000000      -0.181916198091300     
   6.00865833333333        1.20333166666667      -0.184796853168452     
   6.00865833333333        1.50366458333333      -0.187162118989967     
   6.00865833333333        1.80399750000000      -0.189170261808884     
   6.00865833333333        2.10433041666667      -0.190574679246174     
   6.00865833333333        2.40466333333333      -0.191131167424440     
   6.00865833333333        2.70499625000000      -0.190668432635639     
   6.00865833333333        3.00532916666667      -0.189109181451954     
   6.00865833333333        3.30566208333333      -0.186457834883967     
   6.00865833333333        3.60599500000000      -0.182771145140010     
   6.00865833333333        3.90632791666667      -0.178249000657479     
   6.00865833333333        4.20666083333333      -0.173115806231318     
   6.00865833333333        4.50699375000000      -0.167679390461006     
   6.00865833333333        4.80732666666667      -0.162246850431054     
   6.00865833333333        5.10765958333333      -0.157046147813668     
   6.00865833333333        5.40799250000000      -0.152163733145082     
   6.00865833333333        5.70832541666667      -0.147567795799560     
   6.00865833333333        6.00865833333333      -0.143279980567355     
   6.00865833333333        6.30899125000000      -0.139127500715029     
   6.00865833333333        6.60932416666667      -0.135095523654980     
   6.00865833333333        6.90965708333333      -0.131090964173840     
   6.00865833333333        7.20999000000000      -0.126994924730025     
   6.30899125000000       2.000000000000000E-003 -0.167283701750780     
   6.30899125000000       0.302332916666667      -0.169539878636406     
   6.30899125000000       0.602665833333333      -0.172012856342659     
   6.30899125000000       0.902998750000000      -0.174311431041561     
   6.30899125000000        1.20333166666667      -0.175905069226082     
   6.30899125000000        1.50366458333333      -0.177298512011904     
   6.30899125000000        1.80399750000000      -0.178500341688644     
   6.30899125000000        2.10433041666667      -0.179392249614154     
   6.30899125000000        2.40466333333333      -0.179718765900344     
   6.30899125000000        2.70499625000000      -0.179293695408008     
   6.30899125000000        3.00532916666667      -0.177950752001364     
   6.30899125000000        3.30566208333333      -0.175656141597431     
   6.30899125000000        3.60599500000000      -0.172529274377006     
   6.30899125000000        3.90632791666667      -0.168887806282347     
   6.30899125000000        4.20666083333333      -0.164493911822113     
   6.30899125000000        4.50699375000000      -0.159734004217864     
   6.30899125000000        4.80732666666667      -0.154921466976324     
   6.30899125000000        5.10765958333333      -0.150423879768134     
   6.30899125000000        5.40799250000000      -0.146284775938328     
   6.30899125000000        5.70832541666667      -0.142534608768277     
   6.30899125000000        6.00865833333333      -0.139127572322127     
   6.30899125000000        6.30899125000000      -0.135830012410534     
   6.30899125000000        6.60932416666667      -0.132501643365292     
   6.30899125000000        6.90965708333333      -0.129069640055949     
   6.30899125000000        7.20999000000000      -0.125509396144278     
   6.60932416666667       2.000000000000000E-003 -0.161682350021374     
   6.60932416666667       0.302332916666667      -0.162465657795813     
   6.60932416666667       0.602665833333333      -0.165102678355402     
   6.60932416666667       0.902998750000000      -0.166704291030329     
   6.60932416666667        1.20333166666667      -0.167493576113515     
   6.60932416666667        1.50366458333333      -0.168069092287739     
   6.60932416666667        1.80399750000000      -0.168606092485267     
   6.60932416666667        2.10433041666667      -0.169070725400874     
   6.60932416666667        2.40466333333333      -0.169206516842011     
   6.60932416666667        2.70499625000000      -0.168788122100905     
   6.60932416666667        3.00532916666667      -0.167511054238759     
   6.60932416666667        3.30566208333333      -0.165762387151667     
   6.60932416666667        3.60599500000000      -0.163533223870048     
   6.60932416666667        3.90632791666667      -0.160996439302582     
   6.60932416666667        4.20666083333333      -0.157388076834129     
   6.60932416666667        4.50699375000000      -0.152889298861891     
   6.60932416666667        4.80732666666667      -0.148448755867733     
   6.60932416666667        5.10765958333333      -0.144397966635278     
   6.60932416666667        5.40799250000000      -0.140786669143298     
   6.60932416666667        5.70832541666667      -0.137748590637047     
   6.60932416666667        6.00865833333333      -0.135095562241278     
   6.60932416666667        6.30899125000000      -0.132501724922724     
   6.60932416666667        6.60932416666667      -0.129679837590926     
   6.60932416666667        6.90965708333333      -0.126664374657609     
   6.60932416666667        7.20999000000000      -0.123786424679725     
   6.90965708333333       2.000000000000000E-003 -0.156419667767574     
   6.90965708333333       0.302332916666667      -0.156368065439144     
   6.90965708333333       0.602665833333333      -0.158232264185817     
   6.90965708333333       0.902998750000000      -0.158949824074680     
   6.90965708333333        1.20333166666667      -0.159163768252533     
   6.90965708333333        1.50366458333333      -0.159326304591291     
   6.90965708333333        1.80399750000000      -0.159513171225334     
   6.90965708333333        2.10433041666667      -0.159761245766459     
   6.90965708333333        2.40466333333333      -0.159863558882853     
   6.90965708333333        2.70499625000000      -0.159688161688425     
   6.90965708333333        3.00532916666667      -0.159118905208300     
   6.90965708333333        3.30566208333333      -0.158117488013109     
   6.90965708333333        3.60599500000000      -0.157339076800391     
   6.90965708333333        3.90632791666667      -0.155369801557007     
   6.90965708333333        4.20666083333333      -0.151878379966320     
   6.90965708333333        4.50699375000000      -0.147251352961909     
   6.90965708333333        4.80732666666667      -0.142709275952746     
   6.90965708333333        5.10765958333333      -0.138862029846719     
   6.90965708333333        5.40799250000000      -0.135640408525214     
   6.90965708333333        5.70832541666667      -0.133147683442655     
   6.90965708333333        6.00865833333333      -0.131091283477990     
   6.90965708333333        6.30899125000000      -0.129069627909765     
   6.90965708333333        6.60932416666667      -0.126664255807390     
   6.90965708333333        6.90965708333333      -0.124230006266573     
   6.90965708333333        7.20999000000000      -0.122146399557247     
   7.20999000000000       2.000000000000000E-003 -0.150899611943808     
   7.20999000000000       0.302332916666667      -0.151619722243284     
   7.20999000000000       0.602665833333333      -0.150497408666157     
   7.20999000000000       0.902998750000000      -0.150427423364000     
   7.20999000000000        1.20333166666667      -0.150237244156206     
   7.20999000000000        1.50366458333333      -0.149969086087360     
   7.20999000000000        1.80399750000000      -0.151052149741419     
   7.20999000000000        2.10433041666667      -0.151554883376734     
   7.20999000000000        2.40466333333333      -0.151798765016524     
   7.20999000000000        2.70499625000000      -0.152247278817231     
   7.20999000000000        3.00532916666667      -0.152790290069608     
   7.20999000000000        3.30566208333333      -0.153147664021477     
   7.20999000000000        3.60599500000000      -0.152795003694548     
   7.20999000000000        3.90632791666667      -0.150234417290313     
   7.20999000000000        4.20666083333333      -0.146823060664624     
   7.20999000000000        4.50699375000000      -0.141947392142311     
   7.20999000000000        4.80732666666667      -0.137320847886663     
   7.20999000000000        5.10765958333333      -0.133630303701113     
   7.20999000000000        5.40799250000000      -0.130768219318153     
   7.20999000000000        5.70832541666667      -0.128596464455014     
   7.20999000000000        6.00865833333333      -0.126983052582241     
   7.20999000000000        6.30899125000000      -0.125507446570420     
   7.20999000000000        6.60932416666667      -0.123786434115883     
   7.20999000000000        6.90965708333333      -0.122146292000453     
   7.20999000000000        7.20999000000000      -0.119740711228213     
