  2.000000000000000E-003  2.000000000000000E-003 -0.170614197419063     
  2.000000000000000E-003  0.302332916666667      -0.175244371384429     
  2.000000000000000E-003  0.602665833333333      -0.178977803675033     
  2.000000000000000E-003  0.902998750000000      -0.183403633699689     
  2.000000000000000E-003   1.20333166666667      -0.186985658417900     
  2.000000000000000E-003   1.50366458333333      -0.190173963185631     
  2.000000000000000E-003   1.80399750000000      -0.193858439174526     
  2.000000000000000E-003   2.10433041666667      -0.198856962204785     
  2.000000000000000E-003   2.40466333333333      -0.205123857692407     
  2.000000000000000E-003   2.70499625000000      -0.212958779294303     
  2.000000000000000E-003   3.00532916666667      -0.220763381532735     
  2.000000000000000E-003   3.30566208333333      -0.224888656395266     
  2.000000000000000E-003   3.60599500000000      -0.226317282707893     
  2.000000000000000E-003   3.90632791666667      -0.224884906191916     
  2.000000000000000E-003   4.20666083333333      -0.220756617714111     
  2.000000000000000E-003   4.50699375000000      -0.212951361678376     
  2.000000000000000E-003   4.80732666666667      -0.205117012011003     
  2.000000000000000E-003   5.10765958333333      -0.198850077793582     
  2.000000000000000E-003   5.40799250000000      -0.193845458319380     
  2.000000000000000E-003   5.70832541666667      -0.190157762378904     
  2.000000000000000E-003   6.00865833333333      -0.186983906679531     
  2.000000000000000E-003   6.30899125000000      -0.183410666482338     
  2.000000000000000E-003   6.60932416666667      -0.178991209260751     
  2.000000000000000E-003   6.90965708333333      -0.175255920835407     
  2.000000000000000E-003   7.20999000000000      -0.170621903884028     
  0.302332916666667       2.000000000000000E-003 -0.175245449610227     
  0.302332916666667       0.302332916666667      -0.178782270953369     
  0.302332916666667       0.602665833333333      -0.185549061935491     
  0.302332916666667       0.902998750000000      -0.192352830856042     
  0.302332916666667        1.20333166666667      -0.197471540187105     
  0.302332916666667        1.50366458333333      -0.201926023983041     
  0.302332916666667        1.80399750000000      -0.206720679449056     
  0.302332916666667        2.10433041666667      -0.212535768970302     
  0.302332916666667        2.40466333333333      -0.219056306473160     
  0.302332916666667        2.70499625000000      -0.225935980900021     
  0.302332916666667        3.00532916666667      -0.231340850726890     
  0.302332916666667        3.30566208333333      -0.232713644431611     
  0.302332916666667        3.60599500000000      -0.232037018623131     
  0.302332916666667        3.90632791666667      -0.232703673656419     
  0.302332916666667        4.20666083333333      -0.231328882990961     
  0.302332916666667        4.50699375000000      -0.225925830884329     
  0.302332916666667        4.80732666666667      -0.219048818342389     
  0.302332916666667        5.10765958333333      -0.212530114727817     
  0.302332916666667        5.40799250000000      -0.206716081332491     
  0.302332916666667        5.70832541666667      -0.201924014803891     
  0.302332916666667        6.00865833333333      -0.197473311472943     
  0.302332916666667        6.30899125000000      -0.192359392551722     
  0.302332916666667        6.60932416666667      -0.185560761492789     
  0.302332916666667        6.90965708333333      -0.178796451512465     
  0.302332916666667        7.20999000000000      -0.175253728189564     
  0.602665833333333       2.000000000000000E-003 -0.178980467073102     
  0.602665833333333       0.302332916666667      -0.185548978816204     
  0.602665833333333       0.602665833333333      -0.193730723940412     
  0.602665833333333       0.902998750000000      -0.201694043131386     
  0.602665833333333        1.20333166666667      -0.208446580150639     
  0.602665833333333        1.50366458333333      -0.214597633960572     
  0.602665833333333        1.80399750000000      -0.220947885418230     
  0.602665833333333        2.10433041666667      -0.227964580325693     
  0.602665833333333        2.40466333333333      -0.235156309558919     
  0.602665833333333        2.70499625000000      -0.241660838529168     
  0.602665833333333        3.00532916666667      -0.245853591949679     
  0.602665833333333        3.30566208333333      -0.246341449430388     
  0.602665833333333        3.60599500000000      -0.245526187097021     
  0.602665833333333        3.90632791666667      -0.246333119407997     
  0.602665833333333        4.20666083333333      -0.245843006253748     
  0.602665833333333        4.50699375000000      -0.241652127429517     
  0.602665833333333        4.80732666666667      -0.235150727050941     
  0.602665833333333        5.10765958333333      -0.227961321585012     
  0.602665833333333        5.40799250000000      -0.220946515662068     
  0.602665833333333        5.70832541666667      -0.214598421675235     
  0.602665833333333        6.00865833333333      -0.208449858684327     
  0.602665833333333        6.30899125000000      -0.201700787650125     
  0.602665833333333        6.60932416666667      -0.193741480479082     
  0.602665833333333        6.90965708333333      -0.185559885109320     
  0.602665833333333        7.20999000000000      -0.178986359294181     
  0.902998750000000       2.000000000000000E-003 -0.183404538926297     
  0.902998750000000       0.302332916666667      -0.192352824339102     
  0.902998750000000       0.602665833333333      -0.201694348520479     
  0.902998750000000       0.902998750000000      -0.211023508940477     
  0.902998750000000        1.20333166666667      -0.219638585380082     
  0.902998750000000        1.50366458333333      -0.228009801569412     
  0.902998750000000        1.80399750000000      -0.236533972403472     
  0.902998750000000        2.10433041666667      -0.245422821668504     
  0.902998750000000        2.40466333333333      -0.254177499098959     
  0.902998750000000        2.70499625000000      -0.261958058399017     
  0.902998750000000        3.00532916666667      -0.267564912325133     
  0.902998750000000        3.30566208333333      -0.270210604046235     
  0.902998750000000        3.60599500000000      -0.270766053509568     
  0.902998750000000        3.90632791666667      -0.270205988927336     
  0.902998750000000        4.20666083333333      -0.267558779040596     
  0.902998750000000        4.50699375000000      -0.261953335556416     
  0.902998750000000        4.80732666666667      -0.254175064423567     
  0.902998750000000        5.10765958333333      -0.245422425457971     
  0.902998750000000        5.40799250000000      -0.236535302126958     
  0.902998750000000        5.70832541666667      -0.228012395632439     
  0.902998750000000        6.00865833333333      -0.219642155666840     
  0.902998750000000        6.30899125000000      -0.211028244563615     
  0.902998750000000        6.60932416666667      -0.201699872348937     
  0.902998750000000        6.90965708333333      -0.192357813671651     
  0.902998750000000        7.20999000000000      -0.183406728067895     
   1.20333166666667       2.000000000000000E-003 -0.186982718294238     
   1.20333166666667       0.302332916666667      -0.197471613184384     
   1.20333166666667       0.602665833333333      -0.208447305822533     
   1.20333166666667       0.902998750000000      -0.219639213641701     
   1.20333166666667        1.20333166666667      -0.230890732188367     
   1.20333166666667        1.50366458333333      -0.241918691630516     
   1.20333166666667        1.80399750000000      -0.253215411537138     
   1.20333166666667        2.10433041666667      -0.264675689703905     
   1.20333166666667        2.40466333333333      -0.275747310212688     
   1.20333166666667        2.70499625000000      -0.285664708629160     
   1.20333166666667        3.00532916666667      -0.293485856842623     
   1.20333166666667        3.30566208333333      -0.298382566423787     
   1.20333166666667        3.60599500000000      -0.300010783749429     
   1.20333166666667        3.90632791666667      -0.298380757073875     
   1.20333166666667        4.20666083333333      -0.293483668941569     
   1.20333166666667        4.50699375000000      -0.285663624413746     
   1.20333166666667        4.80732666666667      -0.275748001567161     
   1.20333166666667        5.10765958333333      -0.264678048261592     
   1.20333166666667        5.40799250000000      -0.253218843529772     
   1.20333166666667        5.70832541666667      -0.241922360444561     
   1.20333166666667        6.00865833333333      -0.230893888683002     
   1.20333166666667        6.30899125000000      -0.219641193865393     
   1.20333166666667        6.60932416666667      -0.208448157017344     
   1.20333166666667        6.90965708333333      -0.197471198941891     
   1.20333166666667        7.20999000000000      -0.186983042155087     
   1.50366458333333       2.000000000000000E-003 -0.190160555916703     
   1.50366458333333       0.302332916666667      -0.201925782811759     
   1.50366458333333       0.602665833333333      -0.214598671016622     
   1.50366458333333       0.902998750000000      -0.228010867323813     
   1.50366458333333        1.20333166666667      -0.241919138900321     
   1.50366458333333        1.50366458333333      -0.256146338644111     
   1.50366458333333        1.80399750000000      -0.270659966971623     
   1.50366458333333        2.10433041666667      -0.285104369770559     
   1.50366458333333        2.40466333333333      -0.298910608741360     
   1.50366458333333        2.70499625000000      -0.311287073697627     
   1.50366458333333        3.00532916666667      -0.321224939731584     
   1.50366458333333        3.30566208333333      -0.327692408557896     
   1.50366458333333        3.60599500000000      -0.329937343794489     
   1.50366458333333        3.90632791666667      -0.327692079376691     
   1.50366458333333        4.20666083333333      -0.321225001166830     
   1.50366458333333        4.50699375000000      -0.311288417133943     
   1.50366458333333        4.80732666666667      -0.298913684891515     
   1.50366458333333        5.10765958333333      -0.285108904211652     
   1.50366458333333        5.40799250000000      -0.270665074447393     
   1.50366458333333        5.70832541666667      -0.256150827038884     
   1.50366458333333        6.00865833333333      -0.241921768933014     
   1.50366458333333        6.30899125000000      -0.228010845542747     
   1.50366458333333        6.60932416666667      -0.214596214373496     
   1.50366458333333        6.90965708333333      -0.201921922083920     
   1.50366458333333        7.20999000000000      -0.190167042549134     
   1.80399750000000       2.000000000000000E-003 -0.193850106813737     
   1.80399750000000       0.302332916666667      -0.206719935644790     
   1.80399750000000       0.602665833333333      -0.220948564054865     
   1.80399750000000       0.902998750000000      -0.236534850793905     
   1.80399750000000        1.20333166666667      -0.253215850737470     
   1.80399750000000        1.50366458333333      -0.270660109973133     
   1.80399750000000        1.80399750000000      -0.288414021236746     
   1.80399750000000        2.10433041666667      -0.305931980857073     
   1.80399750000000        2.40466333333333      -0.322555567217325     
   1.80399750000000        2.70499625000000      -0.337407789046793     
   1.80399750000000        3.00532916666667      -0.349351421903672     
   1.80399750000000        3.30566208333333      -0.357161645355122     
   1.80399750000000        3.60599500000000      -0.359884308246611     
   1.80399750000000        3.90632791666667      -0.357161915991956     
   1.80399750000000        4.20666083333333      -0.349352514977016     
   1.80399750000000        4.50699375000000      -0.337410373615136     
   1.80399750000000        4.80732666666667      -0.322559903339962     
   1.80399750000000        5.10765958333333      -0.305937625333151     
   1.80399750000000        5.40799250000000      -0.288419904688976     
   1.80399750000000        5.70832541666667      -0.270664911546614     
   1.80399750000000        6.00865833333333      -0.253218238261700     
   1.80399750000000        6.30899125000000      -0.236533874179431     
   1.80399750000000        6.60932416666667      -0.220944552434101     
   1.80399750000000        6.90965708333333      -0.206714283171781     
   1.80399750000000        7.20999000000000      -0.193849287866887     
   2.10433041666667       2.000000000000000E-003 -0.198855266776526     
   2.10433041666667       0.302332916666667      -0.212535154543315     
   2.10433041666667       0.602665833333333      -0.227964708792789     
   2.10433041666667       0.902998750000000      -0.245423182061346     
   2.10433041666667        1.20333166666667      -0.264675957372020     
   2.10433041666667        1.50366458333333      -0.285104511356209     
   2.10433041666667        1.80399750000000      -0.305932034413982     
   2.10433041666667        2.10433041666667      -0.326379135275114     
   2.10433041666667        2.40466333333333      -0.345644512563448     
   2.10433041666667        2.70499625000000      -0.362754178979425     
   2.10433041666667        3.00532916666667      -0.376462819233127     
   2.10433041666667        3.30566208333333      -0.385407061236124     
   2.10433041666667        3.60599500000000      -0.388520269507771     
   2.10433041666667        3.90632791666667      -0.385407487959436     
   2.10433041666667        4.20666083333333      -0.376464095052063     
   2.10433041666667        4.50699375000000      -0.362756887674580     
   2.10433041666667        4.80732666666667      -0.345648840558803     
   2.10433041666667        5.10765958333333      -0.326384615129929     
   2.10433041666667        5.40799250000000      -0.305937596798341     
   2.10433041666667        5.70832541666667      -0.285108780991314     
   2.10433041666667        6.00865833333333      -0.264677625871319     
   2.10433041666667        6.30899125000000      -0.245421496960626     
   2.10433041666667        6.60932416666667      -0.227959823855161     
   2.10433041666667        6.90965708333333      -0.212528012085429     
   2.10433041666667        7.20999000000000      -0.198846912107255     
   2.40466333333333       2.000000000000000E-003 -0.205123191403505     
   2.40466333333333       0.302332916666667      -0.219055893645358     
   2.40466333333333       0.602665833333333      -0.235156196735971     
   2.40466333333333       0.902998750000000      -0.254177561809929     
   2.40466333333333        1.20333166666667      -0.275747418535705     
   2.40466333333333        1.50366458333333      -0.298910702490546     
   2.40466333333333        1.80399750000000      -0.322555629866183     
   2.40466333333333        2.10433041666667      -0.345644542024509     
   2.40466333333333        2.40466333333333      -0.367214291431772     
   2.40466333333333        2.70499625000000      -0.386206219252025     
   2.40466333333333        3.00532916666667      -0.401323371324333     
   2.40466333333333        3.30566208333333      -0.411142792654086     
   2.40466333333333        3.60599500000000      -0.414551111136411     
   2.40466333333333        3.90632791666667      -0.411143027132932     
   2.40466333333333        4.20666083333333      -0.401324249943486     
   2.40466333333333        4.50699375000000      -0.386208259929580     
   2.40466333333333        4.80732666666667      -0.367217669206545     
   2.40466333333333        5.10765958333333      -0.345648848545995     
   2.40466333333333        5.40799250000000      -0.322559926686275     
   2.40466333333333        5.70832541666667      -0.298913658346488     
   2.40466333333333        6.00865833333333      -0.275747775314961     
   2.40466333333333        6.30899125000000      -0.254174427374634     
   2.40466333333333        6.60932416666667      -0.235149384366971     
   2.40466333333333        6.90965708333333      -0.219046304590086     
   2.40466333333333        7.20999000000000      -0.205112473119617     
   2.70499625000000       2.000000000000000E-003 -0.212958259219280     
   2.70499625000000       0.302332916666667      -0.225935557818706     
   2.70499625000000       0.602665833333333      -0.241660567641483     
   2.70499625000000       0.902998750000000      -0.261957942971853     
   2.70499625000000        1.20333166666667      -0.285664699178603     
   2.70499625000000        1.50366458333333      -0.311287111081880     
   2.70499625000000        1.80399750000000      -0.337407837633600     
   2.70499625000000        2.10433041666667      -0.362754218511691     
   2.70499625000000        2.40466333333333      -0.386206239687491     
   2.70499625000000        2.70499625000000      -0.406634799913732     
   2.70499625000000        3.00532916666667      -0.422760878507699     
   2.70499625000000        3.30566208333333      -0.433201583191268     
   2.70499625000000        3.60599500000000      -0.436826210525417     
   2.70499625000000        3.90632791666667      -0.433201548028691     
   2.70499625000000        4.20666083333333      -0.422761165064857     
   2.70499625000000        4.50699375000000      -0.406635859339618     
   2.70499625000000        4.80732666666667      -0.386208291324417     
   2.70499625000000        5.10765958333333      -0.362756929038026     
   2.70499625000000        5.40799250000000      -0.337410472532897     
   2.70499625000000        5.70832541666667      -0.311288477348922     
   2.70499625000000        6.00865833333333      -0.285663535737161     
   2.70499625000000        6.30899125000000      -0.261952831654895     
   2.70499625000000        6.60932416666667      -0.241650804612133     
   2.70499625000000        6.90965708333333      -0.225923038045052     
   2.70499625000000        7.20999000000000      -0.212946286245900     
   3.00532916666667       2.000000000000000E-003 -0.220762868936691     
   3.00532916666667       0.302332916666667      -0.231340359719944     
   3.00532916666667       0.602665833333333      -0.245853194994734     
   3.00532916666667       0.902998750000000      -0.267564662675722     
   3.00532916666667        1.20333166666667      -0.293485753457032     
   3.00532916666667        1.50366458333333      -0.321224920896889     
   3.00532916666667        1.80399750000000      -0.349351441820756     
   3.00532916666667        2.10433041666667      -0.376462851479022     
   3.00532916666667        2.40466333333333      -0.401323399488935     
   3.00532916666667        2.70499625000000      -0.422760893713123     
   3.00532916666667        3.00532916666667      -0.439576591320413     
   3.00532916666667        3.30566208333333      -0.450493190987061     
   3.00532916666667        3.60599500000000      -0.454310797960736     
   3.00532916666667        3.90632791666667      -0.450492980543391     
   3.00532916666667        4.20666083333333      -0.439576436126907     
   3.00532916666667        4.50699375000000      -0.422761161443715     
   3.00532916666667        4.80732666666667      -0.401324334462363     
   3.00532916666667        5.10765958333333      -0.376464184016828     
   3.00532916666667        5.40799250000000      -0.349352684483158     
   3.00532916666667        5.70832541666667      -0.321225178342102     
   3.00532916666667        6.00865833333333      -0.293483705969981     
   3.00532916666667        6.30899125000000      -0.267558414664464     
   3.00532916666667        6.60932416666667      -0.245841719309780     
   3.00532916666667        6.90965708333333      -0.231325982015702     
   3.00532916666667        7.20999000000000      -0.220751333116022     
   3.30566208333333       2.000000000000000E-003 -0.224888189469972     
   3.30566208333333       0.302332916666667      -0.232713138734199     
   3.30566208333333       0.602665833333333      -0.246341003482007     
   3.30566208333333       0.902998750000000      -0.270210292578769     
   3.30566208333333        1.20333166666667      -0.298382398658212     
   3.30566208333333        1.50366458333333      -0.327692340633804     
   3.30566208333333        1.80399750000000      -0.357161629355358     
   3.30566208333333        2.10433041666667      -0.385407073550977     
   3.30566208333333        2.40466333333333      -0.411142816630797     
   3.30566208333333        2.70499625000000      -0.433201605716123     
   3.30566208333333        3.00532916666667      -0.450493203488260     
   3.30566208333333        3.30566208333333      -0.461836536621603     
   3.30566208333333        3.60599500000000      -0.465864039574012     
   3.30566208333333        3.90632791666667      -0.461836433552614     
   3.30566208333333        4.20666083333333      -0.450493010467854     
   3.30566208333333        4.50699375000000      -0.433201654133768     
   3.30566208333333        4.80732666666667      -0.411143127188858     
   3.30566208333333        5.10765958333333      -0.385407663301451     
   3.30566208333333        5.40799250000000      -0.357162181360966     
   3.30566208333333        5.70832541666667      -0.327692387711927     
   3.30566208333333        6.00865833333333      -0.298380903744174     
   3.30566208333333        6.30899125000000      -0.270205734241156     
   3.30566208333333        6.60932416666667      -0.246331995186781     
   3.30566208333333        6.90965708333333      -0.232700912093905     
   3.30566208333333        7.20999000000000      -0.224879979216151     
   3.60599500000000       2.000000000000000E-003 -0.226316852734155     
   3.60599500000000       0.302332916666667      -0.232036618501836     
   3.60599500000000       0.602665833333333      -0.245525826849870     
   3.60599500000000       0.902998750000000      -0.270765775133067     
   3.60599500000000        1.20333166666667      -0.300010603869365     
   3.60599500000000        1.50366458333333      -0.329937243065037     
   3.60599500000000        1.80399750000000      -0.359884258606741     
   3.60599500000000        2.10433041666667      -0.388520257904253     
   3.60599500000000        2.40466333333333      -0.414551124669444     
   3.60599500000000        2.70499625000000      -0.436826234064707     
   3.60599500000000        3.00532916666667      -0.454310817788304     
   3.60599500000000        3.30566208333333      -0.465864048567307     
   3.60599500000000        3.60599500000000      -0.470007726172418     
   3.60599500000000        3.90632791666667      -0.465864079761176     
   3.60599500000000        4.20666083333333      -0.454310838129751     
   3.60599500000000        4.50699375000000      -0.436826317488956     
   3.60599500000000        4.80732666666667      -0.414551321823193     
   3.60599500000000        5.10765958333333      -0.388520578249421     
   3.60599500000000        5.40799250000000      -0.359884704261433     
   3.60599500000000        5.70832541666667      -0.329937739047589     
   3.60599500000000        6.00865833333333      -0.300011056552238     
   3.60599500000000        6.30899125000000      -0.270765853692971     
   3.60599500000000        6.60932416666667      -0.245525104875727     
   3.60599500000000        6.90965708333333      -0.232034304913442     
   3.60599500000000        7.20999000000000      -0.226312802176774     
   3.90632791666667       2.000000000000000E-003 -0.224884612026306     
   3.90632791666667       0.302332916666667      -0.232703474569952     
   3.90632791666667       0.602665833333333      -0.246332919600956     
   3.90632791666667       0.902998750000000      -0.270205799762120     
   3.90632791666667        1.20333166666667      -0.298380600102132     
   3.90632791666667        1.50366458333333      -0.327691963378450     
   3.90632791666667        1.80399750000000      -0.357161843041629     
   3.90632791666667        2.10433041666667      -0.385407458102519     
   3.90632791666667        2.40466333333333      -0.411143031793414     
   3.90632791666667        2.70499625000000      -0.433201570662471     
   3.90632791666667        3.00532916666667      -0.450493003136883     
   3.90632791666667        3.30566208333333      -0.461836444878281     
   3.90632791666667        3.60599500000000      -0.465864080336154     
   3.90632791666667        3.90632791666667      -0.461836621885034     
   3.90632791666667        4.20666083333333      -0.450493279044500     
   3.90632791666667        4.50699375000000      -0.433201746083211     
   3.90632791666667        4.80732666666667      -0.411143028727766     
   3.90632791666667        5.10765958333333      -0.385407418277987     
   3.90632791666667        5.40799250000000      -0.357162083615742     
   3.90632791666667        5.70832541666667      -0.327692905240990     
   3.90632791666667        6.00865833333333      -0.298382860469800     
   3.90632791666667        6.30899125000000      -0.270210439183713     
   3.90632791666667        6.60932416666667      -0.246340352217933     
   3.90632791666667        6.90965708333333      -0.232711069869782     
   3.90632791666667        7.20999000000000      -0.224884225798878     
   4.20666083333333       2.000000000000000E-003 -0.220756459315852     
   4.20666083333333       0.302332916666667      -0.231328808379604     
   4.20666083333333       0.602665833333333      -0.245842919337486     
   4.20666083333333       0.902998750000000      -0.267558655781826     
   4.20666083333333        1.20333166666667      -0.293483528962696     
   4.20666083333333        1.50366458333333      -0.321224879051517     
   4.20666083333333        1.80399750000000      -0.349352432204240     
   4.20666083333333        2.10433041666667      -0.376464059309521     
   4.20666083333333        2.40466333333333      -0.401324254065004     
   4.20666083333333        2.70499625000000      -0.422761190134723     
   4.20666083333333        3.00532916666667      -0.439576460085217     
   4.20666083333333        3.30566208333333      -0.450493018878867     
   4.20666083333333        3.60599500000000      -0.454310830468344     
   4.20666083333333        3.90632791666667      -0.450493267346207     
   4.20666083333333        4.20666083333333      -0.439576690726759     
   4.20666083333333        4.50699375000000      -0.422761084863665     
   4.20666083333333        4.80732666666667      -0.401323682829987     
   4.20666083333333        5.10765958333333      -0.376463221554572     
   4.20666083333333        5.40799250000000      -0.349351926661282     
   4.20666083333333        5.70832541666667      -0.321225433800205     
   4.20666083333333        6.00865833333333      -0.293486198768905     
   4.20666083333333        6.30899125000000      -0.267564816752197     
   4.20666083333333        6.60932416666667      -0.245852605497219     
   4.20666083333333        6.90965708333333      -0.231338558730934     
   4.20666083333333        7.20999000000000      -0.220759162226338     
   4.50699375000000       2.000000000000000E-003 -0.212951379432745     
   4.50699375000000       0.302332916666667      -0.225925848940549     
   4.50699375000000       0.602665833333333      -0.241652072413166     
   4.50699375000000       0.902998750000000      -0.261953204699077     
   4.50699375000000        1.20333166666667      -0.285663471255854     
   4.50699375000000        1.50366458333333      -0.311288288275519     
   4.50699375000000        1.80399750000000      -0.337410293067578     
   4.50699375000000        2.10433041666667      -0.362756860682399     
   4.50699375000000        2.40466333333333      -0.386208275392012     
   4.50699375000000        2.70499625000000      -0.406635894165419     
   4.50699375000000        3.00532916666667      -0.422761189887156     
   4.50699375000000        3.30566208333333      -0.433201659137785     
   4.50699375000000        3.60599500000000      -0.436826298215339     
   4.50699375000000        3.90632791666667      -0.433201716109686     
   4.50699375000000        4.20666083333333      -0.422761063009358     
   4.50699375000000        4.50699375000000      -0.406635032187027     
   4.50699375000000        4.80732666666667      -0.386206598929324     
   4.50699375000000        5.10765958333333      -0.362754621932078     
   4.50699375000000        5.40799250000000      -0.337408289025827     
   4.50699375000000        5.70832541666667      -0.311287543282958     
   4.50699375000000        6.00865833333333      -0.285665035515559     
   4.50699375000000        6.30899125000000      -0.261957966443744     
   4.50699375000000        6.60932416666667      -0.241659937433540     
   4.50699375000000        6.90965708333333      -0.225933749121123     
   4.50699375000000        7.20999000000000      -0.212954451217317     
   4.80732666666667       2.000000000000000E-003 -0.205117343869579     
   4.80732666666667       0.302332916666667      -0.219048952690856     
   4.80732666666667       0.602665833333333      -0.235150619832490     
   4.80732666666667       0.902998750000000      -0.254174841415588     
   4.80732666666667        1.20333166666667      -0.275747790598130     
   4.80732666666667        1.50366458333333      -0.298913541042264     
   4.80732666666667        1.80399750000000      -0.322559835030858     
   4.80732666666667        2.10433041666667      -0.345648837178189     
   4.80732666666667        2.40466333333333      -0.367217709499588     
   4.80732666666667        2.70499625000000      -0.386208346221707     
   4.80732666666667        3.00532916666667      -0.401324374191631     
   4.80732666666667        3.30566208333333      -0.411143132769548     
   4.80732666666667        3.60599500000000      -0.414551293088762     
   4.80732666666667        3.90632791666667      -0.411142981660606     
   4.80732666666667        4.20666083333333      -0.401323638635329     
   4.80732666666667        4.50699375000000      -0.386206573215343     
   4.80732666666667        4.80732666666667      -0.367214705815314     
   4.80732666666667        5.10765958333333      -0.345644926407471     
   4.80732666666667        5.40799250000000      -0.322556040625411     
   4.80732666666667        5.70832541666667      -0.298911047071942     
   4.80732666666667        6.00865833333333      -0.275747616601333     
   4.80732666666667        6.30899125000000      -0.254177399778277     
   4.80732666666667        6.60932416666667      -0.235155346899530     
   4.80732666666667        6.90965708333333      -0.219053838266121     
   4.80732666666667        7.20999000000000      -0.205119079942380     
   5.10765958333333       2.000000000000000E-003 -0.198851512863931     
   5.10765958333333       0.302332916666667      -0.212530501233636     
   5.10765958333333       0.602665833333333      -0.227961017939428     
   5.10765958333333       0.902998750000000      -0.245421946882652     
   5.10765958333333        1.20333166666667      -0.264677713945382     
   5.10765958333333        1.50366458333333      -0.285108740116367     
   5.10765958333333        1.80399750000000      -0.305937585075664     
   5.10765958333333        2.10433041666667      -0.326384654314772     
   5.10765958333333        2.40466333333333      -0.345648930565865     
   5.10765958333333        2.70499625000000      -0.362757018000753     
   5.10765958333333        3.00532916666667      -0.376464243362465     
   5.10765958333333        3.30566208333333      -0.385407670372604     
   5.10765958333333        3.60599500000000      -0.388520538427834     
   5.10765958333333        3.90632791666667      -0.385407354585611     
   5.10765958333333        4.20666083333333      -0.376463160370304     
   5.10765958333333        4.50699375000000      -0.362754574946910     
   5.10765958333333        4.80732666666667      -0.345644897455344     
   5.10765958333333        5.10765958333333      -0.326379483797557     
   5.10765958333333        5.40799250000000      -0.305932330598315     
   5.10765958333333        5.70832541666667      -0.285104729532754     
   5.10765958333333        6.00865833333333      -0.264675947244455     
   5.10765958333333        6.30899125000000      -0.245422779901128     
   5.10765958333333        6.60932416666667      -0.227963610015932     
   5.10765958333333        6.90965708333333      -0.212532844147871     
   5.10765958333333        7.20999000000000      -0.198850913214455     
   5.40799250000000       2.000000000000000E-003 -0.193853566147353     
   5.40799250000000       0.302332916666667      -0.206716589945455     
   5.40799250000000       0.602665833333333      -0.220945653091390     
   5.40799250000000       0.902998750000000      -0.236534309557292     
   5.40799250000000        1.20333166666667      -0.253218351061460     
   5.40799250000000        1.50366458333333      -0.270664923911253     
   5.40799250000000        1.80399750000000      -0.288419933326664     
   5.40799250000000        2.10433041666667      -0.305937710190146     
   5.40799250000000        2.40466333333333      -0.322560075643087     
   5.40799250000000        2.70499625000000      -0.337410619736713     
   5.40799250000000        3.00532916666667      -0.349352773014693     
   5.40799250000000        3.30566208333333      -0.357162167393162     
   5.40799250000000        3.60599500000000      -0.359884633112444     
   5.40799250000000        3.90632791666667      -0.357161976545551     
   5.40799250000000        4.20666083333333      -0.349351851997328     
   5.40799250000000        4.50699375000000      -0.337408231565367     
   5.40799250000000        4.80732666666667      -0.322555977435209     
   5.40799250000000        5.10765958333333      -0.305932274006721     
   5.40799250000000        5.40799250000000      -0.288414165876012     
   5.40799250000000        5.70832541666667      -0.270660141991946     
   5.40799250000000        6.00865833333333      -0.253215617560441     
   5.40799250000000        6.30899125000000      -0.236534200011093     
   5.40799250000000        6.60932416666667      -0.220947216105833     
   5.40799250000000        6.90965708333333      -0.206717419311077     
   5.40799250000000        7.20999000000000      -0.193845681082870     
   5.70832541666667       2.000000000000000E-003 -0.190170964354007     
   5.70832541666667       0.302332916666667      -0.201924075160084     
   5.70832541666667       0.602665833333333      -0.214597231457942     
   5.70832541666667       0.902998750000000      -0.228011219654407     
   5.70832541666667        1.20333166666667      -0.241921857342298     
   5.70832541666667        1.50366458333333      -0.256150826631048     
   5.70832541666667        1.80399750000000      -0.270665100523371     
   5.70832541666667        2.10433041666667      -0.285109018957351     
   5.70832541666667        2.40466333333333      -0.298913909467704     
   5.70832541666667        2.70499625000000      -0.311288733951183     
   5.70832541666667        3.00532916666667      -0.321225348353293     
   5.70832541666667        3.30566208333333      -0.327692164202963     
   5.70832541666667        3.60599500000000      -0.329937915683085     
   5.70832541666667        3.90632791666667      -0.327692538787356     
   5.70832541666667        4.20666083333333      -0.321225378468590     
   5.70832541666667        4.50699375000000      -0.311287500375983     
   5.70832541666667        4.80732666666667      -0.298910940209204     
   5.70832541666667        5.10765958333333      -0.285104565440683     
   5.70832541666667        5.40799250000000      -0.270659978865903     
   5.70832541666667        5.70832541666667      -0.256146114529048     
   5.70832541666667        6.00865833333333      -0.241918626832100     
   5.70832541666667        6.30899125000000      -0.228009949025283     
   5.70832541666667        6.60932416666667      -0.214597117398595     
   5.70832541666667        6.90965708333333      -0.201923162940665     
   5.70832541666667        7.20999000000000      -0.190156200652298     
   6.00865833333333       2.000000000000000E-003 -0.186986825250367     
   6.00865833333333       0.302332916666667      -0.197473212284196     
   6.00865833333333       0.602665833333333      -0.208449077140443     
   6.00865833333333       0.902998750000000      -0.219641464226649     
   6.00865833333333        1.20333166666667      -0.230893857309167     
   6.00865833333333        1.50366458333333      -0.241922222636774     
   6.00865833333333        1.80399750000000      -0.253218743764927     
   6.00865833333333        2.10433041666667      -0.264678042712937     
   6.00865833333333        2.40466333333333      -0.275748166698511     
   6.00865833333333        2.70499625000000      -0.285663928763770     
   6.00865833333333        3.00532916666667      -0.293484181776742     
   6.00865833333333        3.30566208333333      -0.298377666374074     
   6.00865833333333        3.60599500000000      -0.300070612613144     
   6.00865833333333        3.90632791666667      -0.298379207539274     
   6.00865833333333        4.20666083333333      -0.293486302654343     
   6.00865833333333        4.50699375000000      -0.285664983519830     
   6.00865833333333        4.80732666666667      -0.275747470944981     
   6.00865833333333        5.10765958333333      -0.264675610064999     
   6.00865833333333        5.40799250000000      -0.253215111914892     
   6.00865833333333        5.70832541666667      -0.241918138778802     
   6.00865833333333        6.00865833333333      -0.230889982992628     
   6.00865833333333        6.30899125000000      -0.219638033183331     
   6.00865833333333        6.60932416666667      -0.208445598336836     
   6.00865833333333        6.90965708333333      -0.197468990424862     
   6.00865833333333        7.20999000000000      -0.186978593968948     
   6.30899125000000       2.000000000000000E-003 -0.183410016026417     
   6.30899125000000       0.302332916666667      -0.192359635042654     
   6.30899125000000       0.602665833333333      -0.201700583300210     
   6.30899125000000       0.902998750000000      -0.211028260312820     
   6.30899125000000        1.20333166666667      -0.219641818472388     
   6.30899125000000        1.50366458333333      -0.228011931329715     
   6.30899125000000        1.80399750000000      -0.236534833434093     
   6.30899125000000        2.10433041666667      -0.245422046021329     
   6.30899125000000        2.40466333333333      -0.254175009766190     
   6.30899125000000        2.70499625000000      -0.261955944344713     
   6.30899125000000        3.00532916666667      -0.267560599526345     
   6.30899125000000        3.30566208333333      -0.270207688024350     
   6.30899125000000        3.60599500000000      -0.270711673292889     
   6.30899125000000        3.90632791666667      -0.270211953630154     
   6.30899125000000        4.20666083333333      -0.267566053769103     
   6.30899125000000        4.50699375000000      -0.261960728371649     
   6.30899125000000        4.80732666666667      -0.254177330584597     
   6.30899125000000        5.10765958333333      -0.245422251466533     
   6.30899125000000        5.40799250000000      -0.236533175908080     
   6.30899125000000        5.70832541666667      -0.228008774477551     
   6.30899125000000        6.00865833333333      -0.219637334871411     
   6.30899125000000        6.30899125000000      -0.211021992620113     
   6.30899125000000        6.60932416666667      -0.201692482843368     
   6.30899125000000        6.90965708333333      -0.192350256994569     
   6.30899125000000        7.20999000000000      -0.183400660189363     
   6.60932416666667       2.000000000000000E-003 -0.178989078799501     
   6.60932416666667       0.302332916666667      -0.185561358864678     
   6.60932416666667       0.602665833333333      -0.193741720931816     
   6.60932416666667       0.902998750000000      -0.201700269894722     
   6.60932416666667        1.20333166666667      -0.208448933410277     
   6.60932416666667        1.50366458333333      -0.214597299893027     
   6.60932416666667        1.80399750000000      -0.220945322075001     
   6.60932416666667        2.10433041666667      -0.227960098711688     
   6.60932416666667        2.40466333333333      -0.235149666901045     
   6.60932416666667        2.70499625000000      -0.241654667702300     
   6.60932416666667        3.00532916666667      -0.245735535734409     
   6.60932416666667        3.30566208333333      -0.246337167342659     
   6.60932416666667        3.60599500000000      -0.245422280005142     
   6.60932416666667        3.90632791666667      -0.246345078272855     
   6.60932416666667        4.20666083333333      -0.245749253838755     
   6.60932416666667        4.50699375000000      -0.241663244481799     
   6.60932416666667        4.80732666666667      -0.235155071538053     
   6.60932416666667        5.10765958333333      -0.227963125633298     
   6.60932416666667        5.40799250000000      -0.220946294770440     
   6.60932416666667        5.70832541666667      -0.214595884742744     
   6.60932416666667        6.00865833333333      -0.208444698047612     
   6.60932416666667        6.30899125000000      -0.201692044923148     
   6.60932416666667        6.60932416666667      -0.193728495064669     
   6.60932416666667        6.90965708333333      -0.185546395128610     
   6.60932416666667        7.20999000000000      -0.178976729194209     
   6.90965708333333       2.000000000000000E-003 -0.175255425509034     
   6.90965708333333       0.302332916666667      -0.178796955522619     
   6.90965708333333       0.602665833333333      -0.185560038759896     
   6.90965708333333       0.902998750000000      -0.192357951689926     
   6.90965708333333        1.20333166666667      -0.197471392211195     
   6.90965708333333        1.50366458333333      -0.201921776666119     
   6.90965708333333        1.80399750000000      -0.206713658966109     
   6.90965708333333        2.10433041666667      -0.212527635904020     
   6.90965708333333        2.40466333333333      -0.219046816763526     
   6.90965708333333        2.70499625000000      -0.225922961291094     
   6.90965708333333        3.00532916666667      -0.231329492987926     
   6.90965708333333        3.30566208333333      -0.232609879891221     
   6.90965708333333        3.60599500000000      -0.232000982481127     
   6.90965708333333        3.90632791666667      -0.232621020377535     
   6.90965708333333        4.20666083333333      -0.231341338201282     
   6.90965708333333        4.50699375000000      -0.225933353147847     
   6.90965708333333        4.80732666666667      -0.219054561989400     
   6.90965708333333        5.10765958333333      -0.212533104594188     
   6.90965708333333        5.40799250000000      -0.206717862363682     
   6.90965708333333        5.70832541666667      -0.201923142572461     
   6.90965708333333        6.00865833333333      -0.197468646907831     
   6.90965708333333        6.30899125000000      -0.192349968836802     
   6.90965708333333        6.60932416666667      -0.185546208548300     
   6.90965708333333        6.90965708333333      -0.178779009192903     
   6.90965708333333        7.20999000000000      -0.175241439753779     
   7.20999000000000       2.000000000000000E-003 -0.170622287979857     
   7.20999000000000       0.302332916666667      -0.175255023865036     
   7.20999000000000       0.602665833333333      -0.178989206410678     
   7.20999000000000       0.902998750000000      -0.183407835832412     
   7.20999000000000        1.20333166666667      -0.186980276774430     
   7.20999000000000        1.50366458333333      -0.190153708014307     
   7.20999000000000        1.80399750000000      -0.193841049926376     
   7.20999000000000        2.10433041666667      -0.198845490213005     
   7.20999000000000        2.40466333333333      -0.205119023454455     
   7.20999000000000        2.70499625000000      -0.212976351777532     
   7.20999000000000        3.00532916666667      -0.220787142231269     
   7.20999000000000        3.30566208333333      -0.224893737417525     
   7.20999000000000        3.60599500000000      -0.226312502752284     
   7.20999000000000        3.90632791666667      -0.224897265507972     
   7.20999000000000        4.20666083333333      -0.220792777805101     
   7.20999000000000        4.50699375000000      -0.212980706914757     
   7.20999000000000        4.80732666666667      -0.205122366973370     
   7.20999000000000        5.10765958333333      -0.198852200405329     
   7.20999000000000        5.40799250000000      -0.193853699883317     
   7.20999000000000        5.70832541666667      -0.190169239423367     
   7.20999000000000        6.00865833333333      -0.186981229486406     
   7.20999000000000        6.30899125000000      -0.183399425452929     
   7.20999000000000        6.60932416666667      -0.178973699009007     
   7.20999000000000        6.90965708333333      -0.175240157822538     
   7.20999000000000        7.20999000000000      -0.170609623978982     
