  2.000000000000000E-003  2.000000000000000E-003 -0.470082540475464     
  2.000000000000000E-003  0.302332916666667      -0.414997838462186     
  2.000000000000000E-003  0.602665833333333      -0.355038150391492     
  2.000000000000000E-003  0.902998750000000      -0.322697337644691     
  2.000000000000000E-003   1.20333166666667      -0.301730554128470     
  2.000000000000000E-003   1.50366458333333      -0.286589648589027     
  2.000000000000000E-003   1.80399750000000      -0.273743624938067     
  2.000000000000000E-003   2.10433041666667      -0.258430511266974     
  2.000000000000000E-003   2.40466333333333      -0.243436176706445     
  2.000000000000000E-003   2.70499625000000      -0.229110160447196     
  2.000000000000000E-003   3.00532916666667      -0.216977445608882     
  2.000000000000000E-003   3.30566208333333      -0.210226558909742     
  2.000000000000000E-003   3.60599500000000      -0.204933449264151     
  2.000000000000000E-003   3.90632791666667      -0.192594041472069     
  2.000000000000000E-003   4.20666083333333      -0.180104665660653     
  2.000000000000000E-003   4.50699375000000      -0.166325048908739     
  2.000000000000000E-003   4.80732666666667      -0.154475950095399     
  2.000000000000000E-003   5.10765958333333      -0.145548980305927     
  2.000000000000000E-003   5.40799250000000      -0.138951575133419     
  2.000000000000000E-003   5.70832541666667      -0.136036354140569     
  2.000000000000000E-003   6.00865833333333      -0.134033323844323     
  2.000000000000000E-003   6.30899125000000      -0.131546746399437     
  2.000000000000000E-003   6.60932416666667      -0.128814902692589     
  2.000000000000000E-003   6.90965708333333      -0.125192981546294     
  2.000000000000000E-003   7.20999000000000      -0.120716362275987     
  0.302332916666667       2.000000000000000E-003 -0.520800018587643     
  0.302332916666667       0.302332916666667      -0.470949700721677     
  0.302332916666667       0.602665833333333      -0.411600243376932     
  0.302332916666667       0.902998750000000      -0.372009520525410     
  0.302332916666667        1.20333166666667      -0.342962992702471     
  0.302332916666667        1.50366458333333      -0.318909848969014     
  0.302332916666667        1.80399750000000      -0.297220720571008     
  0.302332916666667        2.10433041666667      -0.276838667183209     
  0.302332916666667        2.40466333333333      -0.258284766621665     
  0.302332916666667        2.70499625000000      -0.241109624591357     
  0.302332916666667        3.00532916666667      -0.226151828826887     
  0.302332916666667        3.30566208333333      -0.216069381827470     
  0.302332916666667        3.60599500000000      -0.209124129294052     
  0.302332916666667        3.90632791666667      -0.197766689530482     
  0.302332916666667        4.20666083333333      -0.183945409621015     
  0.302332916666667        4.50699375000000      -0.169870781585318     
  0.302332916666667        4.80732666666667      -0.157830025503435     
  0.302332916666667        5.10765958333333      -0.148540929151795     
  0.302332916666667        5.40799250000000      -0.141549151855888     
  0.302332916666667        5.70832541666667      -0.136891463786112     
  0.302332916666667        6.00865833333333      -0.133766754540482     
  0.302332916666667        6.30899125000000      -0.131099146087030     
  0.302332916666667        6.60932416666667      -0.127762193922247     
  0.302332916666667        6.90965708333333      -0.124263805096192     
  0.302332916666667        7.20999000000000      -0.120942537651402     
  0.602665833333333       2.000000000000000E-003 -0.561267775978223     
  0.602665833333333       0.302332916666667      -0.535992089626237     
  0.602665833333333       0.602665833333333      -0.482487638556232     
  0.602665833333333       0.902998750000000      -0.428572755733366     
  0.602665833333333        1.20333166666667      -0.384546122852619     
  0.602665833333333        1.50366458333333      -0.349063718135733     
  0.602665833333333        1.80399750000000      -0.319466426706874     
  0.602665833333333        2.10433041666667      -0.294066720907324     
  0.602665833333333        2.40466333333333      -0.272297045620264     
  0.602665833333333        2.70499625000000      -0.253001151385970     
  0.602665833333333        3.00532916666667      -0.236091476195040     
  0.602665833333333        3.30566208333333      -0.222614889133763     
  0.602665833333333        3.60599500000000      -0.211585759793276     
  0.602665833333333        3.90632791666667      -0.199405035936083     
  0.602665833333333        4.20666083333333      -0.185542822841627     
  0.602665833333333        4.50699375000000      -0.172003242608430     
  0.602665833333333        4.80732666666667      -0.160436011362165     
  0.602665833333333        5.10765958333333      -0.151177642724713     
  0.602665833333333        5.40799250000000      -0.143930594596026     
  0.602665833333333        5.70832541666667      -0.138686567127190     
  0.602665833333333        6.00865833333333      -0.134797713334264     
  0.602665833333333        6.30899125000000      -0.131288410267713     
  0.602665833333333        6.60932416666667      -0.127178854046646     
  0.602665833333333        6.90965708333333      -0.123287681721624     
  0.602665833333333        7.20999000000000      -0.119547545813493     
  0.902998750000000       2.000000000000000E-003 -0.623197710695137     
  0.902998750000000       0.302332916666667      -0.594677281193800     
  0.902998750000000       0.602665833333333      -0.539571800963133     
  0.902998750000000       0.902998750000000      -0.477875297659066     
  0.902998750000000        1.20333166666667      -0.420542540380944     
  0.902998750000000        1.50366458333333      -0.374566326557460     
  0.902998750000000        1.80399750000000      -0.337848920578432     
  0.902998750000000        2.10433041666667      -0.308414208372359     
  0.902998750000000        2.40466333333333      -0.283861487364880     
  0.902998750000000        2.70499625000000      -0.262563896497614     
  0.902998750000000        3.00532916666667      -0.243918441070734     
  0.902998750000000        3.30566208333333      -0.227746531611371     
  0.902998750000000        3.60599500000000      -0.213431213721888     
  0.902998750000000        3.90632791666667      -0.199649764613037     
  0.902998750000000        4.20666083333333      -0.186024675903993     
  0.902998750000000        4.50699375000000      -0.173398365574449     
  0.902998750000000        4.80732666666667      -0.162514544245747     
  0.902998750000000        5.10765958333333      -0.153463352594346     
  0.902998750000000        5.40799250000000      -0.146103111082550     
  0.902998750000000        5.70832541666667      -0.140297063981965     
  0.902998750000000        6.00865833333333      -0.135555061820534     
  0.902998750000000        6.30899125000000      -0.130672683839431     
  0.902998750000000        6.60932416666667      -0.126799514579947     
  0.902998750000000        6.90965708333333      -0.122155627841268     
  0.902998750000000        7.20999000000000      -0.114966184921918     
   1.20333166666667       2.000000000000000E-003 -0.671749149650645     
   1.20333166666667       0.302332916666667      -0.626944239393391     
   1.20333166666667       0.602665833333333      -0.573929515770871     
   1.20333166666667       0.902998750000000      -0.507809268833759     
   1.20333166666667        1.20333166666667      -0.446261182138849     
   1.20333166666667        1.50366458333333      -0.392570054474926     
   1.20333166666667        1.80399750000000      -0.351236252145455     
   1.20333166666667        2.10433041666667      -0.318815851837751     
   1.20333166666667        2.40466333333333      -0.291971411426155     
   1.20333166666667        2.70499625000000      -0.268870834316507     
   1.20333166666667        3.00532916666667      -0.248634877385448     
   1.20333166666667        3.30566208333333      -0.230777636312765     
   1.20333166666667        3.60599500000000      -0.214739799828014     
   1.20333166666667        3.90632791666667      -0.200065401072842     
   1.20333166666667        4.20666083333333      -0.186662387561984     
   1.20333166666667        4.50699375000000      -0.174709613300328     
   1.20333166666667        4.80732666666667      -0.164319850162976     
   1.20333166666667        5.10765958333333      -0.155469697385092     
   1.20333166666667        5.40799250000000      -0.148018934565596     
   1.20333166666667        5.70832541666667      -0.141727827406403     
   1.20333166666667        6.00865833333333      -0.135747599453589     
   1.20333166666667        6.30899125000000      -0.131236925567751     
   1.20333166666667        6.60932416666667      -0.126023031685226     
   1.20333166666667        6.90965708333333      -0.121265938023812     
   1.20333166666667        7.20999000000000      -0.105031948428101     
   1.50366458333333       2.000000000000000E-003 -0.701013889855174     
   1.50366458333333       0.302332916666667      -0.633173635367112     
   1.50366458333333       0.602665833333333      -0.584292385570347     
   1.50366458333333       0.902998750000000      -0.520276147332261     
   1.50366458333333        1.20333166666667      -0.456442492027190     
   1.50366458333333        1.50366458333333      -0.402050231218836     
   1.50366458333333        1.80399750000000      -0.359100139831068     
   1.50366458333333        2.10433041666667      -0.324614178128090     
   1.50366458333333        2.40466333333333      -0.296106653956322     
   1.50366458333333        2.70499625000000      -0.271850811914671     
   1.50366458333333        3.00532916666667      -0.250728626302906     
   1.50366458333333        3.30566208333333      -0.232066785056783     
   1.50366458333333        3.60599500000000      -0.215448810050636     
   1.50366458333333        3.90632791666667      -0.200623956574542     
   1.50366458333333        4.20666083333333      -0.187475490420625     
   1.50366458333333        4.50699375000000      -0.175936131627332     
   1.50366458333333        4.80732666666667      -0.165903712060878     
   1.50366458333333        5.10765958333333      -0.157218815015205     
   1.50366458333333        5.40799250000000      -0.149678592664835     
   1.50366458333333        5.70832541666667      -0.143040382119861     
   1.50366458333333        6.00865833333333      -0.137072623953943     
   1.50366458333333        6.30899125000000      -0.131387353026121     
   1.50366458333333        6.60932416666667      -0.125820413792669     
   1.50366458333333        6.90965708333333      -0.120846162304630     
   1.50366458333333        7.20999000000000      -9.198940518616218E-002
   1.80399750000000       2.000000000000000E-003 -0.650122373783492     
   1.80399750000000       0.302332916666667      -0.617832360880253     
   1.80399750000000       0.602665833333333      -0.573451946890739     
   1.80399750000000       0.902998750000000      -0.514564359337924     
   1.80399750000000        1.20333166666667      -0.455538479814850     
   1.80399750000000        1.50366458333333      -0.404035218946632     
   1.80399750000000        1.80399750000000      -0.360906099083724     
   1.80399750000000        2.10433041666667      -0.325380309931986     
   1.80399750000000        2.40466333333333      -0.296071311686719     
   1.80399750000000        2.70499625000000      -0.271485756859016     
   1.80399750000000        3.00532916666667      -0.250359753510278     
   1.80399750000000        3.30566208333333      -0.231822439095822     
   1.80399750000000        3.60599500000000      -0.215385479745710     
   1.80399750000000        3.90632791666667      -0.200824184559099     
   1.80399750000000        4.20666083333333      -0.188027016993648     
   1.80399750000000        4.50699375000000      -0.176869647283849     
   1.80399750000000        4.80732666666667      -0.167156661685535     
   1.80399750000000        5.10765958333333      -0.158637138369007     
   1.80399750000000        5.40799250000000      -0.151055465283714     
   1.80399750000000        5.70832541666667      -0.144188926524890     
   1.80399750000000        6.00865833333333      -0.137846324095083     
   1.80399750000000        6.30899125000000      -0.131834244329641     
   1.80399750000000        6.60932416666667      -0.126300521821387     
   1.80399750000000        6.90965708333333      -0.121055627986148     
   1.80399750000000        7.20999000000000      -0.108759152703946     
   2.10433041666667       2.000000000000000E-003 -0.602979371386398     
   2.10433041666667       0.302332916666667      -0.587582555004146     
   2.10433041666667       0.602665833333333      -0.549749800492758     
   2.10433041666667       0.902998750000000      -0.499840573423470     
   2.10433041666667        1.20333166666667      -0.447423513242406     
   2.10433041666667        1.50366458333333      -0.398667862058548     
   2.10433041666667        1.80399750000000      -0.356339765521912     
   2.10433041666667        2.10433041666667      -0.321023317047018     
   2.10433041666667        2.40466333333333      -0.292018609840954     
   2.10433041666667        2.70499625000000      -0.268020634691183     
   2.10433041666667        3.00532916666667      -0.247673974405562     
   2.10433041666667        3.30566208333333      -0.229940394570667     
   2.10433041666667        3.60599500000000      -0.214221996752721     
   2.10433041666667        3.90632791666667      -0.200271043617152     
   2.10433041666667        4.20666083333333      -0.187994762846717     
   2.10433041666667        4.50699375000000      -0.177278293937839     
   2.10433041666667        4.80732666666667      -0.167904371665326     
   2.10433041666667        5.10765958333333      -0.159581003096019     
   2.10433041666667        5.40799250000000      -0.152027767555446     
   2.10433041666667        5.70832541666667      -0.145048132704330     
   2.10433041666667        6.00865833333333      -0.138545540520604     
   2.10433041666667        6.30899125000000      -0.132508340286390     
   2.10433041666667        6.60932416666667      -0.127017945731529     
   2.10433041666667        6.90965708333333      -0.121946533186950     
   2.10433041666667        7.20999000000000      -0.116976261718619     
   2.40466333333333       2.000000000000000E-003 -0.583554237434979     
   2.40466333333333       0.302332916666667      -0.568933652775853     
   2.40466333333333       0.602665833333333      -0.530754615461897     
   2.40466333333333       0.902998750000000      -0.482285974724798     
   2.40466333333333        1.20333166666667      -0.432449777649747     
   2.40466333333333        1.50366458333333      -0.386120449697848     
   2.40466333333333        1.80399750000000      -0.345738256331804     
   2.40466333333333        2.10433041666667      -0.312037976863822     
   2.40466333333333        2.40466333333333      -0.284523962897713     
   2.40466333333333        2.70499625000000      -0.261984744742797     
   2.40466333333333        3.00532916666667      -0.243038513787381     
   2.40466333333333        3.30566208333333      -0.226566617350903     
   2.40466333333333        3.60599500000000      -0.211908972407353     
   2.40466333333333        3.90632791666667      -0.198806990764878     
   2.40466333333333        4.20666083333333      -0.187195463683538     
   2.40466333333333        4.50699375000000      -0.176992886254601     
   2.40466333333333        4.80732666666667      -0.167996550990011     
   2.40466333333333        5.10765958333333      -0.159911111201189     
   2.40466333333333        5.40799250000000      -0.152459400217571     
   2.40466333333333        5.70832541666667      -0.145482107372904     
   2.40466333333333        6.00865833333333      -0.138967473823867     
   2.40466333333333        6.30899125000000      -0.133014295137844     
   2.40466333333333        6.60932416666667      -0.127744598417102     
   2.40466333333333        6.90965708333333      -0.123141390771332     
   2.40466333333333        7.20999000000000      -0.118973689698689     
   2.70499625000000       2.000000000000000E-003 -0.564563923848489     
   2.70499625000000       0.302332916666667      -0.550559467753801     
   2.70499625000000       0.602665833333333      -0.512482341494800     
   2.70499625000000       0.902998750000000      -0.461454482736055     
   2.70499625000000        1.20333166666667      -0.411534264016520     
   2.70499625000000        1.50366458333333      -0.367746871971697     
   2.70499625000000        1.80399750000000      -0.330435288029659     
   2.70499625000000        2.10433041666667      -0.299584640609789     
   2.70499625000000        2.40466333333333      -0.274530247322730     
   2.70499625000000        2.70499625000000      -0.254088398426910     
   2.70499625000000        3.00532916666667      -0.236930003343421     
   2.70499625000000        3.30566208333333      -0.221963809212392     
   2.70499625000000        3.60599500000000      -0.208541122888748     
   2.70499625000000        3.90632791666667      -0.196421234100307     
   2.70499625000000        4.20666083333333      -0.185570861662685     
   2.70499625000000        4.50699375000000      -0.175943768155147     
   2.70499625000000        4.80732666666667      -0.167364075666253     
   2.70499625000000        5.10765958333333      -0.159556559490314     
   2.70499625000000        5.40799250000000      -0.152269096711162     
   2.70499625000000        5.70832541666667      -0.145383936709148     
   2.70499625000000        6.00865833333333      -0.138952637786861     
   2.70499625000000        6.30899125000000      -0.133164573713771     
   2.70499625000000        6.60932416666667      -0.128252549835706     
   2.70499625000000        6.90965708333333      -0.124231035024080     
   2.70499625000000        7.20999000000000      -0.120604318912466     
   3.00532916666667       2.000000000000000E-003 -0.533923514857525     
   3.00532916666667       0.302332916666667      -0.521298388782931     
   3.00532916666667       0.602665833333333      -0.484984341971978     
   3.00532916666667       0.902998750000000      -0.435675958828936     
   3.00532916666667        1.20333166666667      -0.386686013633125     
   3.00532916666667        1.50366458333333      -0.345898951407292     
   3.00532916666667        1.80399750000000      -0.312450554915518     
   3.00532916666667        2.10433041666667      -0.285181682284923     
   3.00532916666667        2.40466333333333      -0.263099590684014     
   3.00532916666667        2.70499625000000      -0.245041630052580     
   3.00532916666667        3.00532916666667      -0.229804668691951     
   3.00532916666667        3.30566208333333      -0.216410908923337     
   3.00532916666667        3.60599500000000      -0.204277902398995     
   3.00532916666667        3.90632791666667      -0.193198799808965     
   3.00532916666667        4.20666083333333      -0.183166455928392     
   3.00532916666667        4.50699375000000      -0.174159769090641     
   3.00532916666667        4.80732666666667      -0.166029045652852     
   3.00532916666667        5.10765958333333      -0.158532024453510     
   3.00532916666667        5.40799250000000      -0.151456150280618     
   3.00532916666667        5.70832541666667      -0.144723259179483     
   3.00532916666667        6.00865833333333      -0.138415378009753     
   3.00532916666667        6.30899125000000      -0.132739794841502     
   3.00532916666667        6.60932416666667      -0.128054453662961     
   3.00532916666667        6.90965708333333      -0.124632173253589     
   3.00532916666667        7.20999000000000      -0.121744727673009     
   3.30566208333333       2.000000000000000E-003 -0.496418401120457     
   3.30566208333333       0.302332916666667      -0.487003921158907     
   3.30566208333333       0.602665833333333      -0.453091423939662     
   3.30566208333333       0.902998750000000      -0.405572190248231     
   3.30566208333333        1.20333166666667      -0.359843043341612     
   3.30566208333333        1.50366458333333      -0.322873241435258     
   3.30566208333333        1.80399750000000      -0.293663033710362     
   3.30566208333333        2.10433041666667      -0.270150392465309     
   3.30566208333333        2.40466333333333      -0.251091696713150     
   3.30566208333333        2.70499625000000      -0.235393492398766     
   3.30566208333333        3.00532916666667      -0.222025667613712     
   3.30566208333333        3.30566208333333      -0.210163759687274     
   3.30566208333333        3.60599500000000      -0.199310079902997     
   3.30566208333333        3.90632791666667      -0.189287012778504     
   3.30566208333333        4.20666083333333      -0.180099009164934     
   3.30566208333333        4.50699375000000      -0.171737154686615     
   3.30566208333333        4.80732666666667      -0.164074956997500     
   3.30566208333333        5.10765958333333      -0.156910447294008     
   3.30566208333333        5.40799250000000      -0.150078789938385     
   3.30566208333333        5.70832541666667      -0.143536424869957     
   3.30566208333333        6.00865833333333      -0.137354429371608     
   3.30566208333333        6.30899125000000      -0.131683089306646     
   3.30566208333333        6.60932416666667      -0.126986754784542     
   3.30566208333333        6.90965708333333      -0.123905340705391     
   3.30566208333333        7.20999000000000      -0.121604628291213     
   3.60599500000000       2.000000000000000E-003 -0.455362304984917     
   3.60599500000000       0.302332916666667      -0.447610690167034     
   3.60599500000000       0.602665833333333      -0.416334429384729     
   3.60599500000000       0.902998750000000      -0.372723798832715     
   3.60599500000000        1.20333166666667      -0.332049350810531     
   3.60599500000000        1.50366458333333      -0.299939079660872     
   3.60599500000000        1.80399750000000      -0.275110850552283     
   3.60599500000000        2.10433041666667      -0.255212720944813     
   3.60599500000000        2.40466333333333      -0.238990443271033     
   3.60599500000000        2.70499625000000      -0.225493275671315     
   3.60599500000000        3.00532916666667      -0.213877085443304     
   3.60599500000000        3.30566208333333      -0.203468322886981     
   3.60599500000000        3.60599500000000      -0.193850106813735     
   3.60599500000000        3.90632791666667      -0.184865653925183     
   3.60599500000000        4.20666083333333      -0.176517190440341     
   3.60599500000000        4.50699375000000      -0.168798006637663     
   3.60599500000000        4.80732666666667      -0.161604847333723     
   3.60599500000000        5.10765958333333      -0.154781437103595     
   3.60599500000000        5.40799250000000      -0.148214959165654     
   3.60599500000000        5.70832541666667      -0.141896810650353     
   3.60599500000000        6.00865833333333      -0.135888699361211     
   3.60599500000000        6.30899125000000      -0.130316476041283     
   3.60599500000000        6.60932416666667      -0.125654854387990     
   3.60599500000000        6.90965708333333      -0.122737417860090     
   3.60599500000000        7.20999000000000      -0.120731690975670     
   3.90632791666667       2.000000000000000E-003 -0.394587529395913     
   3.90632791666667       0.302332916666667      -0.390922249286109     
   3.90632791666667       0.602665833333333      -0.369018111809567     
   3.90632791666667       0.902998750000000      -0.335558429174919     
   3.90632791666667        1.20333166666667      -0.303205341626468     
   3.90632791666667        1.50366458333333      -0.277251300672369     
   3.90632791666667        1.80399750000000      -0.256965880167099     
   3.90632791666667        2.10433041666667      -0.240539868277578     
   3.90632791666667        2.40466333333333      -0.226996938313675     
   3.90632791666667        2.70499625000000      -0.215585842050144     
   3.90632791666667        3.00532916666667      -0.205633017209289     
   3.90632791666667        3.30566208333333      -0.196595897526144     
   3.90632791666667        3.60599500000000      -0.188136926257602     
   3.90632791666667        3.90632791666667      -0.180128324319269     
   3.90632791666667        4.20666083333333      -0.172569453357319     
   3.90632791666667        4.50699375000000      -0.165455112021242     
   3.90632791666667        4.80732666666667      -0.158709210152136     
   3.90632791666667        5.10765958333333      -0.152223517064489     
   3.90632791666667        5.40799250000000      -0.145936031802664     
   3.90632791666667        5.70832541666667      -0.139875285489749     
   3.90632791666667        6.00865833333333      -0.134129787197699     
   3.90632791666667        6.30899125000000      -0.128859242640712     
   3.90632791666667        6.60932416666667      -0.124532565981820     
   3.90632791666667        6.90965708333333      -0.121698059058005     
   3.90632791666667        7.20999000000000      -0.119345720203135     
   4.20666083333333       2.000000000000000E-003 -0.332882055395049     
   4.20666083333333       0.302332916666667      -0.329709191633129     
   4.20666083333333       0.602665833333333      -0.316791378716900     
   4.20666083333333       0.902998750000000      -0.295925402186284     
   4.20666083333333        1.20333166666667      -0.273754438215126     
   4.20666083333333        1.50366458333333      -0.254788601969132     
   4.20666083333333        1.80399750000000      -0.239151512907755     
   4.20666083333333        2.10433041666667      -0.226173171276284     
   4.20666083333333        2.40466333333333      -0.215286449017845     
   4.20666083333333        2.70499625000000      -0.205937573743167     
   4.20666083333333        3.00532916666667      -0.197594487219130     
   4.20666083333333        3.30566208333333      -0.189833519978090     
   4.20666083333333        3.60599500000000      -0.182409597813607     
   4.20666083333333        3.90632791666667      -0.175249690706919     
   4.20666083333333        4.20666083333333      -0.168372694502747     
   4.20666083333333        4.50699375000000      -0.161788708719989     
   4.20666083333333        4.80732666666667      -0.155453260605594     
   4.20666083333333        5.10765958333333      -0.149300477623649     
   4.20666083333333        5.40799250000000      -0.143307288412199     
   4.20666083333333        5.70832541666667      -0.137529184681068     
   4.20666083333333        6.00865833333333      -0.132084144328236     
   4.20666083333333        6.30899125000000      -0.127141817271491     
   4.20666083333333        6.60932416666667      -0.123062820740615     
   4.20666083333333        6.90965708333333      -0.120044019301285     
   4.20666083333333        7.20999000000000      -0.117359085462151     
   4.50699375000000       2.000000000000000E-003 -0.278888308523363     
   4.50699375000000       0.302332916666667      -0.277054893913426     
   4.50699375000000       0.602665833333333      -0.270547741005951     
   4.50699375000000       0.902998750000000      -0.259352796095506     
   4.50699375000000        1.20333166666667      -0.245945262996414     
   4.50699375000000        1.50366458333333      -0.233176646028865     
   4.50699375000000        1.80399750000000      -0.221990244182005     
   4.50699375000000        2.10433041666667      -0.212423195896507     
   4.50699375000000        2.40466333333333      -0.204186671023338     
   4.50699375000000        2.70499625000000      -0.196860278433956     
   4.50699375000000        3.00532916666667      -0.190026203890997     
   4.50699375000000        3.30566208333333      -0.183385063879709     
   4.50699375000000        3.60599500000000      -0.176810551882361     
   4.50699375000000        3.90632791666667      -0.170318689755779     
   4.50699375000000        4.20666083333333      -0.163980635028572     
   4.50699375000000        4.50699375000000      -0.157839891486523     
   4.50699375000000        4.80732666666667      -0.151883022491741     
   4.50699375000000        5.10765958333333      -0.146072241182403     
   4.50699375000000        5.40799250000000      -0.140402444150392     
   4.50699375000000        5.70832541666667      -0.134933622397443     
   4.50699375000000        6.00865833333333      -0.129780796907891     
   4.50699375000000        6.30899125000000      -0.125084307022201     
   4.50699375000000        6.60932416666667      -0.121023188033409     
   4.50699375000000        6.90965708333333      -0.117655232314097     
   4.50699375000000        7.20999000000000      -0.114568388118311     
   4.80732666666667       2.000000000000000E-003 -0.239547607858130     
   4.80732666666667       0.302332916666667      -0.238812966024551     
   4.80732666666667       0.602665833333333      -0.235770498686457     
   4.80732666666667       0.902998750000000      -0.229526701827340     
   4.80732666666667        1.20333166666667      -0.221594275138893     
   4.80732666666667        1.50366458333333      -0.213593150623799     
   4.80732666666667        1.80399750000000      -0.206313287635878     
   4.80732666666667        2.10433041666667      -0.199891820935663     
   4.80732666666667        2.40466333333333      -0.194103879528000     
   4.80732666666667        2.70499625000000      -0.188589744428696     
   4.80732666666667        3.00532916666667      -0.183032544270399     
   4.80732666666667        3.30566208333333      -0.177271042643009     
   4.80732666666667        3.60599500000000      -0.171320920286421     
   4.80732666666667        3.90632791666667      -0.165310926331979     
   4.80732666666667        4.20666083333333      -0.159383711125361     
   4.80732666666667        4.50699375000000      -0.153622708990068     
   4.80732666666667        4.80732666666667      -0.148037131354608     
   4.80732666666667        5.10765958333333      -0.142599931115968     
   4.80732666666667        5.40799250000000      -0.137303209885467     
   4.80732666666667        5.70832541666667      -0.132189569938440     
   4.80732666666667        6.00865833333333      -0.127345055017634     
   4.80732666666667        6.30899125000000      -0.122868929533522     
   4.80732666666667        6.60932416666667      -0.118838377939457     
   4.80732666666667        6.90965708333333      -0.115255872706105     
   4.80732666666667        7.20999000000000      -0.111971208560612     
   5.10765958333333       2.000000000000000E-003 -0.213275608436146     
   5.10765958333333       0.302332916666667      -0.212431214722322     
   5.10765958333333       0.602665833333333      -0.210085835444338     
   5.10765958333333       0.902998750000000      -0.206327957505235     
   5.10765958333333        1.20333166666667      -0.201797804672094     
   5.10765958333333        1.50366458333333      -0.197231656878880     
   5.10765958333333        1.80399750000000      -0.193010259753937     
   5.10765958333333        2.10433041666667      -0.189110206656825     
   5.10765958333333        2.40466333333333      -0.185255521815440     
   5.10765958333333        2.70499625000000      -0.181117084007580     
   5.10765958333333        3.00532916666667      -0.176479657720401     
   5.10765958333333        3.30566208333333      -0.171323098156378     
   5.10765958333333        3.60599500000000      -0.165800711836793     
   5.10765958333333        3.90632791666667      -0.160144480536136     
   5.10765958333333        4.20666083333333      -0.154558799659011     
   5.10765958333333        4.50699375000000      -0.149157116548510     
   5.10765958333333        4.80732666666667      -0.143960460248165     
   5.10765958333333        5.10765958333333      -0.138941561008328     
   5.10765958333333        5.40799250000000      -0.134078532080473     
   5.10765958333333        5.70832541666667      -0.129384654300095     
   5.10765958333333        6.00865833333333      -0.124905164071535     
   5.10765958333333        6.30899125000000      -0.120695640782741     
   5.10765958333333        6.60932416666667      -0.116799825188445     
   5.10765958333333        6.90965708333333      -0.113232570795042     
   5.10765958333333        7.20999000000000      -0.109968535303558     
   5.40799250000000       2.000000000000000E-003 -0.195523076488967     
   5.40799250000000       0.302332916666667      -0.193471961354477     
   5.40799250000000       0.602665833333333      -0.191722219688760     
   5.40799250000000       0.902998750000000      -0.189468198335802     
   5.40799250000000        1.20333166666667      -0.187024552496262     
   5.40799250000000        1.50366458333333      -0.184646139722924     
   5.40799250000000        1.80399750000000      -0.182407875155187     
   5.40799250000000        2.10433041666667      -0.180118494984110     
   5.40799250000000        2.40466333333333      -0.177457054441478     
   5.40799250000000        2.70499625000000      -0.174140043541184     
   5.40799250000000        3.00532916666667      -0.170054244096795     
   5.40799250000000        3.30566208333333      -0.165295856017247     
   5.40799250000000        3.60599500000000      -0.160110480889812     
   5.40799250000000        3.90632791666667      -0.154782840714674     
   5.40799250000000        4.20666083333333      -0.149541106459086     
   5.40799250000000        4.50699375000000      -0.144510777701585     
   5.40799250000000        4.80732666666667      -0.139722119444663     
   5.40799250000000        5.10765958333333      -0.135151998467770     
   5.40799250000000        5.40799250000000      -0.130769068889324     
   5.40799250000000        5.70832541666667      -0.126558197833251     
   5.40799250000000        6.00865833333333      -0.122518521545609     
   5.40799250000000        6.30899125000000      -0.118653425089407     
   5.40799250000000        6.60932416666667      -0.114990610519674     
   5.40799250000000        6.90965708333333      -0.111584606793698     
   5.40799250000000        7.20999000000000      -0.108469046733963     
   5.70832541666667       2.000000000000000E-003 -0.187660280020300     
   5.70832541666667       0.302332916666667      -0.182384599739367     
   5.70832541666667       0.602665833333333      -0.180538251603167     
   5.70832541666667       0.902998750000000      -0.178431345804296     
   5.70832541666667        1.20333166666667      -0.176661067856465     
   5.70832541666667        1.50366458333333      -0.175301667407627     
   5.70832541666667        1.80399750000000      -0.173977002871968     
   5.70832541666667        2.10433041666667      -0.172367416259401     
   5.70832541666667        2.40466333333333      -0.170185815922276     
   5.70832541666667        2.70499625000000      -0.167223424296395     
   5.70832541666667        3.00532916666667      -0.163454286960434     
   5.70832541666667        3.30566208333333      -0.159040298979424     
   5.70832541666667        3.60599500000000      -0.154244425907045     
   5.70832541666667        3.90632791666667      -0.149321534331587     
   5.70832541666667        4.20666083333333      -0.144472137113895     
   5.70832541666667        4.50699375000000      -0.139823284281978     
   5.70832541666667        4.80732666666667      -0.135429267886560     
   5.70832541666667        5.10765958333333      -0.131294028603912     
   5.70832541666667        5.40799250000000      -0.127396923303815     
   5.70832541666667        5.70832541666667      -0.123711171355350     
   5.70832541666667        6.00865833333333      -0.120187747052335     
   5.70832541666667        6.30899125000000      -0.116790180567293     
   5.70832541666667        6.60932416666667      -0.113519396208811     
   5.70832541666667        6.90965708333333      -0.110394950629593     
   5.70832541666667        7.20999000000000      -0.107145203917901     
   6.00865833333333       2.000000000000000E-003 -0.179638998280441     
   6.00865833333333       0.302332916666667      -0.176551944516499     
   6.00865833333333       0.602665833333333      -0.174057124488206     
   6.00865833333333       0.902998750000000      -0.171325209667682     
   6.00865833333333        1.20333166666667      -0.168999284885543     
   6.00865833333333        1.50366458333333      -0.167860002022358     
   6.00865833333333        1.80399750000000      -0.166639167889220     
   6.00865833333333        2.10433041666667      -0.165059012025940     
   6.00865833333333        2.40466333333333      -0.162914961701733     
   6.00865833333333        2.70499625000000      -0.160080026732480     
   6.00865833333333        3.00532916666667      -0.156580851831252     
   6.00865833333333        3.30566208333333      -0.152601253394518     
   6.00865833333333        3.60599500000000      -0.148397138811389     
   6.00865833333333        3.90632791666667      -0.143996477112067     
   6.00865833333333        4.20666083333333      -0.139587015452992     
   6.00865833333333        4.50699375000000      -0.135290335234660     
   6.00865833333333        4.80732666666667      -0.131222140562216     
   6.00865833333333        5.10765958333333      -0.127449661764066     
   6.00865833333333        5.40799250000000      -0.123989234054797     
   6.00865833333333        5.70832541666667      -0.120822895264331     
   6.00865833333333        6.00865833333333      -0.117962459910990     
   6.00865833333333        6.30899125000000      -0.115069308048704     
   6.00865833333333        6.60932416666667      -0.112263849791745     
   6.00865833333333        6.90965708333333      -0.109478124617165     
   6.00865833333333        7.20999000000000      -0.106444498905519     
   6.30899125000000       2.000000000000000E-003 -0.173335671785782     
   6.30899125000000       0.302332916666667      -0.171975930597356     
   6.30899125000000       0.602665833333333      -0.168770087478757     
   6.30899125000000       0.902998750000000      -0.165279116725885     
   6.30899125000000        1.20333166666667      -0.162796238228614     
   6.30899125000000        1.50366458333333      -0.160993975836121     
   6.30899125000000        1.80399750000000      -0.159452057948681     
   6.30899125000000        2.10433041666667      -0.157673927241500     
   6.30899125000000        2.40466333333333      -0.155474028594333     
   6.30899125000000        2.70499625000000      -0.152773425088190     
   6.30899125000000        3.00532916666667      -0.149539246257418     
   6.30899125000000        3.30566208333333      -0.146075467625244     
   6.30899125000000        3.60599500000000      -0.142637982360610     
   6.30899125000000        3.90632791666667      -0.139081459279643     
   6.30899125000000        4.20666083333333      -0.135170478424360     
   6.30899125000000        4.50699375000000      -0.131087645436657     
   6.30899125000000        4.80732666666667      -0.127244046614952     
   6.30899125000000        5.10765958333333      -0.123714404659253     
   6.30899125000000        5.40799250000000      -0.120592739824746     
   6.30899125000000        5.70832541666667      -0.117918700809413     
   6.30899125000000        6.00865833333333      -0.115589533822166     
   6.30899125000000        6.30899125000000      -0.113362459296142     
   6.30899125000000        6.60932416666667      -0.111023459335500     
   6.30899125000000        6.90965708333333      -0.108582781563688     
   6.30899125000000        7.20999000000000      -0.105961590751963     
   6.60932416666667       2.000000000000000E-003 -0.165413493650672     
   6.60932416666667       0.302332916666667      -0.164717851270169     
   6.60932416666667       0.602665833333333      -0.161312378490512     
   6.60932416666667       0.902998750000000      -0.158572169612866     
   6.60932416666667        1.20333166666667      -0.156039723808681     
   6.60932416666667        1.50366458333333      -0.153982224462356     
   6.60932416666667        1.80399750000000      -0.152143280459845     
   6.60932416666667        2.10433041666667      -0.150269375637663     
   6.60932416666667        2.40466333333333      -0.148159675289876     
   6.60932416666667        2.70499625000000      -0.145649526779683     
   6.60932416666667        3.00532916666667      -0.142695801631985     
   6.60932416666667        3.30566208333333      -0.139914847988368     
   6.60932416666667        3.60599500000000      -0.137625027118801     
   6.60932416666667        3.90632791666667      -0.135140582247754     
   6.60932416666667        4.20666083333333      -0.131597810519029     
   6.60932416666667        4.50699375000000      -0.127518394551728     
   6.60932416666667        4.80732666666667      -0.123596931701316     
   6.60932416666667        5.10765958333333      -0.120169332321719     
   6.60932416666667        5.40799250000000      -0.117285017605908     
   6.60932416666667        5.70832541666667      -0.115066376858121     
   6.60932416666667        6.00865833333333      -0.113280253926760     
   6.60932416666667        6.30899125000000      -0.111567570579576     
   6.60932416666667        6.60932416666667      -0.109592820932939     
   6.60932416666667        6.90965708333333      -0.107443839996831     
   6.60932416666667        7.20999000000000      -0.105326833322980     
   6.90965708333333       2.000000000000000E-003 -0.160156396611829     
   6.90965708333333       0.302332916666667      -0.155953590213527     
   6.90965708333333       0.602665833333333      -0.152725948103042     
   6.90965708333333       0.902998750000000      -0.150804341757209     
   6.90965708333333        1.20333166666667      -0.148840081075948     
   6.90965708333333        1.50366458333333      -0.146946040393598     
   6.90965708333333        1.80399750000000      -0.145112683622358     
   6.90965708333333        2.10433041666667      -0.143336577170657     
   6.90965708333333        2.40466333333333      -0.141506634410539     
   6.90965708333333        2.70499625000000      -0.139354251077774     
   6.90965708333333        3.00532916666667      -0.137023812841504     
   6.90965708333333        3.30566208333333      -0.135323551901073     
   6.90965708333333        3.60599500000000      -0.134511079069056     
   6.90965708333333        3.90632791666667      -0.132508217976015     
   6.90965708333333        4.20666083333333      -0.129007216054689     
   6.90965708333333        4.50699375000000      -0.124520301345480     
   6.90965708333333        4.80732666666667      -0.120284488137232     
   6.90965708333333        5.10765958333333      -0.116849703240098     
   6.90965708333333        5.40799250000000      -0.114157018007667     
   6.90965708333333        5.70832541666667      -0.112310738789507     
   6.90965708333333        6.00865833333333      -0.110992228056189     
   6.90965708333333        6.30899125000000      -0.109763228225005     
   6.90965708333333        6.60932416666667      -0.108133840243862     
   6.90965708333333        6.90965708333333      -0.106284543459798     
   6.90965708333333        7.20999000000000      -0.104695521915335     
   7.20999000000000       2.000000000000000E-003 -0.154122221933461     
   7.20999000000000       0.302332916666667      -0.151587220491660     
   7.20999000000000       0.602665833333333      -0.147098134797707     
   7.20999000000000       0.902998750000000      -0.144866144278267     
   7.20999000000000        1.20333166666667      -0.143598135248109     
   7.20999000000000        1.50366458333333      -0.141722255791335     
   7.20999000000000        1.80399750000000      -0.138946037008469     
   7.20999000000000        2.10433041666667      -0.137320585962402     
   7.20999000000000        2.40466333333333      -0.135834580690906     
   7.20999000000000        2.70499625000000      -0.134307601663802     
   7.20999000000000        3.00532916666667      -0.133046439984579     
   7.20999000000000        3.30566208333333      -0.132699217961893     
   7.20999000000000        3.60599500000000      -0.132007067839901     
   7.20999000000000        3.90632791666667      -0.129520261190318     
   7.20999000000000        4.20666083333333      -0.126232959524843     
   7.20999000000000        4.50699375000000      -0.121526783738793     
   7.20999000000000        4.80732666666667      -0.117121807136149     
   7.20999000000000        5.10765958333333      -0.113724849318551     
   7.20999000000000        5.40799250000000      -0.111199262331876     
   7.20999000000000        5.70832541666667      -0.109616532798790     
   7.20999000000000        6.00865833333333      -0.108749976632715     
   7.20999000000000        6.30899125000000      -0.107948454378216     
   7.20999000000000        6.60932416666667      -0.106887966065759     
   7.20999000000000        6.90965708333333      -0.105511658250166     
   7.20999000000000        7.20999000000000      -0.103397361421039     
